
##############################################################################################################

With sampling type: 1

For training set

Classification Report:                precision    recall  f1-score   support

           0       0.88      0.94      0.91      3511
           1       0.91      0.91      0.91      3511
           2       0.89      0.90      0.89      3511
           3       0.92      0.94      0.93      3511
           4       0.76      0.71      0.73      3511
           5       0.94      0.90      0.92      3511
           6       0.87      0.77      0.81      3511
           7       0.73      0.72      0.73      3511
           8       0.68      0.61      0.64      3511
           9       0.88      0.92      0.90      3511
          10       0.74      0.83      0.78      3511
          11       0.91      0.89      0.90      3511
          12       0.91      0.88      0.89      3511
          13       0.78      0.81      0.79      3511
          14       0.70      0.79      0.74      3511

    accuracy                           0.83     52665
   macro avg       0.83      0.83      0.83     52665
weighted avg       0.83      0.83      0.83     52665

Accuracy:  0.8335896705591949 



For validation set

Classification Report:                precision    recall  f1-score   support

           0       0.62      0.87      0.73      2923
           1       0.58      0.81      0.68      1525
           2       0.85      0.81      0.83      9280
           3       0.62      0.85      0.72      1159
           4       0.76      0.57      0.65     11539
           5       0.62      0.79      0.70      1762
           6       0.34      0.68      0.46      1087
           7       0.42      0.54      0.47      4842
           8       0.73      0.43      0.54     23492
           9       0.46      0.83      0.59      1719
          10       0.45      0.72      0.55      4753
          11       0.56      0.77      0.65      1694
          12       0.57      0.71      0.64      1794
          13       0.50      0.67      0.57      4614
          14       0.58      0.64      0.61     13117

    accuracy                           0.62     85300
   macro avg       0.58      0.71      0.63     85300
weighted avg       0.65      0.62      0.61     85300

Accuracy:  0.6155685814771396 



For test set

Classification Report:                precision    recall  f1-score   support

           0       0.63      0.86      0.72      2915
           1       0.55      0.80      0.66      1450
           2       0.84      0.81      0.83      9083
           3       0.62      0.83      0.71      1191
           4       0.76      0.57      0.65     11564
           5       0.63      0.79      0.70      1828
           6       0.36      0.68      0.47      1182
           7       0.42      0.54      0.47      4877
           8       0.73      0.43      0.54     23400
           9       0.45      0.82      0.58      1740
          10       0.44      0.70      0.54      4720
          11       0.58      0.77      0.66      1748
          12       0.57      0.72      0.63      1680
          13       0.49      0.66      0.56      4573
          14       0.59      0.63      0.61     13349

    accuracy                           0.61     85300
   macro avg       0.58      0.71      0.62     85300
weighted avg       0.65      0.61      0.61     85300

Accuracy:  0.6128722157092614 


##############################################################################################################

With sampling type: 3

For training set

Classification Report:                precision    recall  f1-score   support

           0       0.87      0.90      0.89      3511
           1       0.89      0.89      0.89      3511
           2       0.89      0.89      0.89      3511
           3       0.90      0.92      0.91      3511
           4       0.73      0.69      0.71      3511
           5       0.93      0.90      0.91      3511
           6       0.78      0.75      0.77      3511
           7       0.67      0.65      0.66      3511
           8       0.59      0.51      0.54      3511
           9       0.87      0.90      0.89      3511
          10       0.72      0.82      0.77      3511
          11       0.90      0.86      0.88      3511
          12       0.88      0.83      0.85      3511
          13       0.77      0.79      0.78      3511
          14       0.65      0.74      0.69      3511

    accuracy                           0.80     52665
   macro avg       0.80      0.80      0.80     52665
weighted avg       0.80      0.80      0.80     52665

Accuracy:  0.8038545523592519 



For validation set

Classification Report:                precision    recall  f1-score   support

           0       0.61      0.86      0.71      2923
           1       0.47      0.83      0.60      1525
           2       0.92      0.66      0.77      9280
           3       0.52      0.87      0.66      1159
           4       0.77      0.40      0.52     11539
           5       0.32      0.84      0.47      1762
           6       0.18      0.63      0.28      1087
           7       0.33      0.54      0.41      4842
           8       0.77      0.24      0.37     23492
           9       0.32      0.87      0.47      1719
          10       0.48      0.57      0.52      4753
          11       0.39      0.80      0.52      1694
          12       0.47      0.75      0.58      1794
          13       0.35      0.76      0.48      4614
          14       0.56      0.58      0.57     13117

    accuracy                           0.52     85300
   macro avg       0.50      0.68      0.53     85300
weighted avg       0.64      0.52      0.51     85300

Accuracy:  0.5150175849941383 



For test set

Classification Report:                precision    recall  f1-score   support

           0       0.60      0.84      0.70      2915
           1       0.44      0.82      0.57      1450
           2       0.92      0.67      0.77      9083
           3       0.53      0.86      0.65      1191
           4       0.76      0.39      0.52     11564
           5       0.34      0.86      0.48      1828
           6       0.20      0.65      0.31      1182
           7       0.34      0.55      0.42      4877
           8       0.77      0.24      0.37     23400
           9       0.32      0.86      0.47      1740
          10       0.48      0.55      0.51      4720
          11       0.41      0.81      0.54      1748
          12       0.44      0.72      0.55      1680
          13       0.35      0.77      0.48      4573
          14       0.57      0.59      0.58     13349

    accuracy                           0.52     85300
   macro avg       0.50      0.68      0.53     85300
weighted avg       0.63      0.52      0.51     85300

Accuracy:  0.5152286049237984 


##############################################################################################################

With sampling type: 6

For training set

Classification Report:                precision    recall  f1-score   support

           0       0.89      0.85      0.87      8623
           1       0.86      0.75      0.80      4599
           2       0.89      0.90      0.89     26950
           3       0.85      0.79      0.82      3521
           4       0.76      0.77      0.76     33860
           5       0.93      0.75      0.83      5185
           6       0.80      0.51      0.62      3511
           7       0.72      0.57      0.64     14353
           8       0.65      0.79      0.71     69267
           9       0.82      0.68      0.75      5071
          10       0.69      0.60      0.64     13874
          11       0.86      0.69      0.76      5130
          12       0.88      0.67      0.76      5137
          13       0.71      0.62      0.66     13524
          14       0.70      0.65      0.67     38948

    accuracy                           0.73    251553
   macro avg       0.80      0.71      0.75    251553
weighted avg       0.74      0.73      0.73    251553

Accuracy:  0.7349783147090275 



For validation set

Classification Report:                precision    recall  f1-score   support

           0       0.86      0.80      0.83      2923
           1       0.82      0.66      0.73      1525
           2       0.86      0.86      0.86      9280
           3       0.80      0.74      0.77      1159
           4       0.71      0.73      0.72     11539
           5       0.91      0.68      0.78      1762
           6       0.71      0.44      0.54      1087
           7       0.63      0.48      0.54      4842
           8       0.59      0.75      0.66     23492
           9       0.75      0.58      0.66      1719
          10       0.64      0.53      0.58      4753
          11       0.80      0.62      0.70      1694
          12       0.85      0.61      0.71      1794
          13       0.63      0.54      0.58      4614
          14       0.64      0.58      0.61     13117

    accuracy                           0.68     85300
   macro avg       0.75      0.64      0.68     85300
weighted avg       0.69      0.68      0.68     85300

Accuracy:  0.6786283704572098 



For test set

Classification Report:                precision    recall  f1-score   support

           0       0.85      0.79      0.82      2915
           1       0.81      0.68      0.74      1450
           2       0.85      0.86      0.86      9083
           3       0.79      0.73      0.76      1191
           4       0.70      0.73      0.71     11564
           5       0.90      0.69      0.78      1828
           6       0.75      0.45      0.56      1182
           7       0.63      0.49      0.55      4877
           8       0.59      0.74      0.66     23400
           9       0.76      0.57      0.65      1740
          10       0.63      0.51      0.57      4720
          11       0.81      0.63      0.71      1748
          12       0.84      0.61      0.70      1680
          13       0.63      0.55      0.59      4573
          14       0.64      0.58      0.61     13349

    accuracy                           0.68     85300
   macro avg       0.75      0.64      0.68     85300
weighted avg       0.68      0.68      0.68     85300

Accuracy:  0.6763892145369285 


##############################################################################################################

Without any undersampling/oversampling

For training set

Classification Report:                precision    recall  f1-score   support

           0       0.96      0.97      0.97     70439
           1       0.97      0.98      0.97     70439
           2       0.94      0.93      0.94     70439
           3       0.98      0.99      0.98     70439
           4       0.82      0.75      0.78     70439
           5       0.96      0.96      0.96     70439
           6       0.94      0.96      0.95     70439
           7       0.83      0.81      0.82     70439
           8       0.67      0.56      0.61     70439
           9       0.95      0.97      0.96     70439
          10       0.82      0.88      0.85     70439
          11       0.96      0.97      0.96     70439
          12       0.95      0.94      0.94     70439
          13       0.85      0.87      0.86     70439
          14       0.69      0.78      0.73     70439

    accuracy                           0.89   1056585
   macro avg       0.89      0.89      0.89   1056585
weighted avg       0.89      0.89      0.89   1056585

Accuracy:  0.8874212675743078 



For validation set

Classification Report:                precision    recall  f1-score   support

           0       0.78      0.85      0.81      2923
           1       0.67      0.79      0.72      1525
           2       0.87      0.84      0.86      9280
           3       0.71      0.81      0.75      1159
           4       0.75      0.62      0.68     11539
           5       0.64      0.80      0.71      1762
           6       0.40      0.61      0.48      1087
           7       0.47      0.58      0.52      4842
           8       0.71      0.52      0.60     23492
           9       0.56      0.78      0.65      1719
          10       0.49      0.68      0.57      4753
          11       0.61      0.76      0.67      1694
          12       0.56      0.75      0.64      1794
          13       0.53      0.66      0.59      4614
          14       0.57      0.62      0.59     13117

    accuracy                           0.64     85300
   macro avg       0.62      0.71      0.66     85300
weighted avg       0.66      0.64      0.65     85300

Accuracy:  0.6449237983587339 



For test set

Classification Report:                precision    recall  f1-score   support

           0       0.77      0.84      0.81      2915
           1       0.66      0.79      0.72      1450
           2       0.87      0.84      0.85      9083
           3       0.71      0.80      0.75      1191
           4       0.74      0.63      0.68     11564
           5       0.65      0.81      0.72      1828
           6       0.44      0.63      0.51      1182
           7       0.46      0.59      0.52      4877
           8       0.71      0.51      0.59     23400
           9       0.57      0.78      0.66      1740
          10       0.49      0.67      0.57      4720
          11       0.62      0.76      0.68      1748
          12       0.53      0.73      0.62      1680
          13       0.53      0.66      0.59      4573
          14       0.57      0.63      0.60     13349

    accuracy                           0.64     85300
   macro avg       0.62      0.71      0.66     85300
weighted avg       0.66      0.64      0.65     85300

Accuracy:  0.6441148886283704 


##############################################################################################################

With sampling type: 0

For training set

Classification Report:                precision    recall  f1-score   support

           0       0.95      0.97      0.96     70439
           1       0.95      0.98      0.97     70439
           2       0.93      0.91      0.92     70439
           3       0.96      0.99      0.98     70439
           4       0.80      0.70      0.75     70439
           5       0.96      0.98      0.97     70439
           6       0.93      0.96      0.94     70439
           7       0.81      0.78      0.79     70439
           8       0.65      0.53      0.59     70439
           9       0.93      0.97      0.95     70439
          10       0.79      0.86      0.82     70439
          11       0.94      0.97      0.95     70439
          12       0.95      0.96      0.95     70439
          13       0.82      0.85      0.83     70439
          14       0.72      0.74      0.73     70439

    accuracy                           0.88   1056585
   macro avg       0.87      0.88      0.87   1056585
weighted avg       0.87      0.88      0.87   1056585

Accuracy:  0.8759683319373264 



For validation set

Classification Report:                precision    recall  f1-score   support

           0       0.73      0.87      0.80      2923
           1       0.65      0.80      0.72      1525
           2       0.86      0.85      0.86      9280
           3       0.67      0.83      0.74      1159
           4       0.75      0.61      0.67     11539
           5       0.67      0.80      0.73      1762
           6       0.38      0.64      0.47      1087
           7       0.46      0.58      0.51      4842
           8       0.73      0.49      0.59     23492
           9       0.55      0.79      0.65      1719
          10       0.47      0.72      0.57      4753
          11       0.56      0.77      0.64      1694
          12       0.59      0.74      0.66      1794
          13       0.52      0.68      0.59      4614
          14       0.61      0.64      0.62     13117

    accuracy                           0.65     85300
   macro avg       0.61      0.72      0.65     85300
weighted avg       0.67      0.65      0.65     85300

Accuracy:  0.6450879249706917 



For test set

Classification Report:                precision    recall  f1-score   support

           0       0.73      0.86      0.79      2915
           1       0.62      0.81      0.71      1450
           2       0.86      0.85      0.86      9083
           3       0.67      0.82      0.74      1191
           4       0.74      0.61      0.67     11564
           5       0.69      0.81      0.75      1828
           6       0.41      0.64      0.50      1182
           7       0.46      0.59      0.52      4877
           8       0.74      0.49      0.59     23400
           9       0.54      0.80      0.65      1740
          10       0.46      0.71      0.56      4720
          11       0.59      0.78      0.67      1748
          12       0.57      0.74      0.64      1680
          13       0.51      0.68      0.58      4573
          14       0.61      0.65      0.63     13349

    accuracy                           0.64     85300
   macro avg       0.61      0.72      0.66     85300
weighted avg       0.67      0.64      0.64     85300

Accuracy:  0.6447479484173505 


##############################################################################################################

With sampling type: 2

For training set

Classification Report:                precision    recall  f1-score   support

           0       0.96      0.97      0.97     70439
           1       0.97      0.98      0.97     70439
           2       0.94      0.93      0.94     70439
           3       0.97      0.99      0.98     70439
           4       0.82      0.75      0.78     70439
           5       0.96      0.96      0.96     70439
           6       0.94      0.96      0.95     70439
           7       0.83      0.81      0.82     70439
           8       0.67      0.56      0.61     70439
           9       0.94      0.97      0.96     70439
          10       0.82      0.88      0.85     70439
          11       0.96      0.97      0.96     70439
          12       0.95      0.93      0.94     70439
          13       0.85      0.87      0.86     70439
          14       0.69      0.78      0.73     70439

    accuracy                           0.89   1056585
   macro avg       0.89      0.89      0.89   1056585
weighted avg       0.89      0.89      0.89   1056585

Accuracy:  0.887180870445823 



For validation set

Classification Report:                precision    recall  f1-score   support

           0       0.78      0.85      0.81      2923
           1       0.68      0.78      0.73      1525
           2       0.87      0.84      0.86      9280
           3       0.71      0.81      0.75      1159
           4       0.75      0.63      0.68     11539
           5       0.64      0.80      0.71      1762
           6       0.39      0.60      0.47      1087
           7       0.46      0.58      0.51      4842
           8       0.71      0.51      0.60     23492
           9       0.56      0.78      0.65      1719
          10       0.49      0.68      0.57      4753
          11       0.60      0.75      0.67      1694
          12       0.57      0.75      0.64      1794
          13       0.53      0.66      0.59      4614
          14       0.57      0.62      0.59     13117

    accuracy                           0.64     85300
   macro avg       0.62      0.71      0.66     85300
weighted avg       0.66      0.64      0.65     85300

Accuracy:  0.6446776084407971 



For test set

Classification Report:                precision    recall  f1-score   support

           0       0.78      0.84      0.81      2915
           1       0.66      0.79      0.72      1450
           2       0.87      0.84      0.85      9083
           3       0.71      0.80      0.75      1191
           4       0.74      0.62      0.68     11564
           5       0.65      0.81      0.72      1828
           6       0.43      0.63      0.51      1182
           7       0.46      0.59      0.52      4877
           8       0.71      0.51      0.59     23400
           9       0.57      0.78      0.66      1740
          10       0.49      0.66      0.56      4720
          11       0.62      0.77      0.69      1748
          12       0.54      0.73      0.62      1680
          13       0.53      0.67      0.59      4573
          14       0.57      0.63      0.60     13349

    accuracy                           0.64     85300
   macro avg       0.62      0.71      0.66     85300
weighted avg       0.66      0.64      0.64     85300

Accuracy:  0.6434818288393904 
