##############################################################################################################

With sampling type: 1

For training set

Classification Report:                precision    recall  f1-score   support

           0       0.89      0.93      0.91      3472
           1       0.91      0.89      0.90      3472
           2       0.88      0.90      0.89      3472
           3       0.91      0.94      0.93      3472
           4       0.76      0.69      0.72      3472
           5       0.94      0.91      0.92      3472
           6       0.88      0.78      0.82      3472
           7       0.73      0.73      0.73      3472
           8       0.69      0.62      0.65      3472
           9       0.88      0.91      0.89      3472
          10       0.75      0.83      0.79      3472
          11       0.91      0.88      0.90      3472
          12       0.91      0.86      0.88      3472
          13       0.77      0.81      0.79      3472
          14       0.72      0.80      0.76      3472

    accuracy                           0.83     52080
   macro avg       0.83      0.83      0.83     52080
weighted avg       0.83      0.83      0.83     52080

Accuracy:  0.8329877112135177 



For validation set

Classification Report:                precision    recall  f1-score   support

           0       0.63      0.86      0.73      2817
           1       0.58      0.79      0.67      1554
           2       0.84      0.81      0.83      9266
           3       0.62      0.86      0.72      1229
           4       0.76      0.56      0.65     11636
           5       0.62      0.78      0.69      1795
           6       0.34      0.67      0.45      1175
           7       0.42      0.55      0.47      4828
           8       0.74      0.43      0.54     23524
           9       0.46      0.83      0.59      1719
          10       0.44      0.70      0.54      4596
          11       0.56      0.76      0.64      1686
          12       0.54      0.73      0.62      1749
          13       0.50      0.66      0.57      4563
          14       0.59      0.65      0.61     13163

    accuracy                           0.61     85300
   macro avg       0.58      0.71      0.62     85300
weighted avg       0.65      0.61      0.61     85300

Accuracy:  0.6146541617819461 



For test set

Classification Report:                precision    recall  f1-score   support

           0       0.62      0.85      0.72      2935
           1       0.58      0.83      0.68      1521
           2       0.84      0.80      0.82      9051
           3       0.61      0.83      0.70      1175
           4       0.77      0.57      0.66     11493
           5       0.63      0.79      0.70      1781
           6       0.33      0.65      0.44      1133
           7       0.42      0.54      0.47      4921
           8       0.73      0.43      0.54     23516
           9       0.45      0.81      0.58      1695
          10       0.45      0.71      0.55      4747
          11       0.55      0.76      0.64      1769
          12       0.53      0.72      0.61      1743
          13       0.50      0.66      0.57      4524
          14       0.58      0.64      0.61     13296

    accuracy                           0.61     85300
   macro avg       0.57      0.71      0.62     85300
weighted avg       0.65      0.61      0.61     85300

Accuracy:  0.6124150058616648 


##############################################################################################################

With sampling type: 3

For training set

Classification Report:                precision    recall  f1-score   support

           0       0.88      0.91      0.89      3472
           1       0.90      0.89      0.89      3472
           2       0.89      0.89      0.89      3472
           3       0.89      0.92      0.90      3472
           4       0.73      0.69      0.71      3472
           5       0.93      0.89      0.91      3472
           6       0.78      0.76      0.77      3472
           7       0.66      0.64      0.65      3472
           8       0.61      0.52      0.56      3472
           9       0.87      0.90      0.89      3472
          10       0.72      0.81      0.76      3472
          11       0.90      0.87      0.89      3472
          12       0.87      0.83      0.85      3472
          13       0.77      0.79      0.78      3472
          14       0.65      0.74      0.69      3472

    accuracy                           0.80     52080
   macro avg       0.80      0.80      0.80     52080
weighted avg       0.80      0.80      0.80     52080

Accuracy:  0.8032834101382489 



For validation set

Classification Report:                precision    recall  f1-score   support

           0       0.59      0.85      0.70      2817
           1       0.45      0.82      0.59      1554
           2       0.92      0.68      0.78      9266
           3       0.55      0.87      0.67      1229
           4       0.77      0.39      0.52     11636
           5       0.34      0.84      0.48      1795
           6       0.20      0.66      0.31      1175
           7       0.34      0.53      0.41      4828
           8       0.77      0.23      0.35     23524
           9       0.33      0.88      0.48      1719
          10       0.45      0.59      0.51      4596
          11       0.40      0.79      0.53      1686
          12       0.46      0.75      0.57      1749
          13       0.34      0.77      0.47      4563
          14       0.55      0.59      0.57     13163

    accuracy                           0.51     85300
   macro avg       0.50      0.68      0.53     85300
weighted avg       0.64      0.51      0.51     85300

Accuracy:  0.5145603751465416 



For test set

Classification Report:                precision    recall  f1-score   support

           0       0.58      0.85      0.69      2935
           1       0.45      0.85      0.59      1521
           2       0.92      0.66      0.77      9051
           3       0.53      0.85      0.65      1175
           4       0.77      0.39      0.52     11493
           5       0.33      0.85      0.48      1781
           6       0.19      0.61      0.29      1133
           7       0.34      0.53      0.41      4921
           8       0.77      0.22      0.34     23516
           9       0.32      0.85      0.46      1695
          10       0.46      0.59      0.52      4747
          11       0.40      0.78      0.53      1769
          12       0.46      0.73      0.56      1743
          13       0.34      0.76      0.47      4524
          14       0.55      0.59      0.57     13296

    accuracy                           0.51     85300
   macro avg       0.49      0.67      0.52     85300
weighted avg       0.63      0.51      0.50     85300

Accuracy:  0.5102461899179367 


##############################################################################################################

With sampling type: 6

For training set

Classification Report:                precision    recall  f1-score   support

           0       0.89      0.86      0.87      8730
           1       0.87      0.75      0.81      4501
           2       0.89      0.90      0.89     27017
           3       0.84      0.80      0.82      3470
           4       0.76      0.77      0.76     33833
           5       0.93      0.74      0.82      5194
           6       0.81      0.51      0.63      3472
           7       0.72      0.57      0.63     14364
           8       0.65      0.79      0.71     69131
           9       0.83      0.68      0.75      5114
          10       0.69      0.61      0.65     13977
          11       0.86      0.69      0.77      5114
          12       0.89      0.68      0.77      5127
          13       0.71      0.63      0.67     13633
          14       0.70      0.65      0.67     38973

    accuracy                           0.73    251650
   macro avg       0.80      0.71      0.75    251650
weighted avg       0.74      0.73      0.73    251650

Accuracy:  0.7349135704351282 



For validation set

Classification Report:                precision    recall  f1-score   support

           0       0.85      0.80      0.82      2817
           1       0.82      0.66      0.73      1554
           2       0.86      0.86      0.86      9266
           3       0.81      0.73      0.77      1229
           4       0.70      0.73      0.71     11636
           5       0.91      0.68      0.78      1795
           6       0.73      0.45      0.56      1175
           7       0.64      0.48      0.55      4828
           8       0.59      0.74      0.66     23524
           9       0.76      0.60      0.67      1719
          10       0.61      0.52      0.56      4596
          11       0.80      0.60      0.69      1686
          12       0.85      0.62      0.72      1749
          13       0.63      0.54      0.58      4563
          14       0.64      0.59      0.61     13163

    accuracy                           0.68     85300
   macro avg       0.75      0.64      0.69     85300
weighted avg       0.69      0.68      0.68     85300

Accuracy:  0.6779132473622509 



For test set

Classification Report:                precision    recall  f1-score   support

           0       0.84      0.78      0.81      2935
           1       0.80      0.68      0.73      1521
           2       0.86      0.86      0.86      9051
           3       0.81      0.71      0.76      1175
           4       0.71      0.73      0.72     11493
           5       0.91      0.70      0.79      1781
           6       0.73      0.41      0.53      1133
           7       0.62      0.48      0.55      4921
           8       0.59      0.74      0.65     23516
           9       0.75      0.57      0.65      1695
          10       0.63      0.53      0.58      4747
          11       0.82      0.60      0.69      1769
          12       0.83      0.60      0.70      1743
          13       0.63      0.55      0.59      4524
          14       0.63      0.58      0.61     13296

    accuracy                           0.68     85300
   macro avg       0.74      0.64      0.68     85300
weighted avg       0.68      0.68      0.67     85300

Accuracy:  0.6752872215709261 


##############################################################################################################

Without any undersampling/oversampling

For training set

Classification Report:                precision    recall  f1-score   support

           0       0.96      0.97      0.97     70291
           1       0.97      0.98      0.98     70291
           2       0.92      0.91      0.92     70291
           3       0.97      0.99      0.98     70291
           4       0.83      0.74      0.78     70291
           5       0.92      0.97      0.94     70291
           6       0.95      0.96      0.95     70291
           7       0.83      0.81      0.82     70291
           8       0.67      0.56      0.61     70291
           9       0.94      0.97      0.96     70291
          10       0.81      0.85      0.83     70291
          11       0.96      0.97      0.96     70291
          12       0.96      0.96      0.96     70291
          13       0.85      0.87      0.86     70291
          14       0.70      0.76      0.73     70291

    accuracy                           0.88   1054365
   macro avg       0.88      0.88      0.88   1054365
weighted avg       0.88      0.88      0.88   1054365

Accuracy:  0.8846367244739725 



For validation set

Classification Report:                precision    recall  f1-score   support

           0       0.79      0.84      0.81      2817
           1       0.67      0.78      0.72      1554
           2       0.85      0.85      0.85      9266
           3       0.72      0.81      0.77      1229
           4       0.75      0.63      0.68     11636
           5       0.61      0.80      0.69      1795
           6       0.40      0.60      0.48      1175
           7       0.46      0.58      0.51      4828
           8       0.71      0.51      0.59     23524
           9       0.58      0.79      0.67      1719
          10       0.47      0.69      0.56      4596
          11       0.61      0.75      0.67      1686
          12       0.63      0.73      0.67      1749
          13       0.54      0.66      0.59      4563
          14       0.58      0.63      0.60     13163

    accuracy                           0.64     85300
   macro avg       0.62      0.71      0.66     85300
weighted avg       0.66      0.64      0.65     85300

Accuracy:  0.6449355216881595 



For test set

Classification Report:                precision    recall  f1-score   support

           0       0.78      0.83      0.80      2935
           1       0.66      0.80      0.73      1521
           2       0.84      0.85      0.85      9051
           3       0.71      0.80      0.75      1175
           4       0.75      0.63      0.69     11493
           5       0.62      0.82      0.70      1781
           6       0.41      0.60      0.49      1133
           7       0.46      0.58      0.51      4921
           8       0.71      0.51      0.59     23516
           9       0.57      0.76      0.65      1695
          10       0.48      0.69      0.57      4747
          11       0.61      0.74      0.67      1769
          12       0.63      0.71      0.67      1743
          13       0.54      0.66      0.59      4524
          14       0.58      0.63      0.60     13296

    accuracy                           0.64     85300
   macro avg       0.62      0.71      0.66     85300
weighted avg       0.66      0.64      0.64     85300

Accuracy:  0.6438804220398593 


##############################################################################################################

With sampling type: 0

For training set

Classification Report:                precision    recall  f1-score   support

           0       0.95      0.97      0.96     70291
           1       0.96      0.98      0.97     70291
           2       0.92      0.91      0.92     70291
           3       0.97      0.99      0.98     70291
           4       0.80      0.71      0.75     70291
           5       0.96      0.98      0.97     70291
           6       0.93      0.96      0.95     70291
           7       0.81      0.77      0.79     70291
           8       0.65      0.53      0.59     70291
           9       0.93      0.97      0.95     70291
          10       0.79      0.86      0.82     70291
          11       0.94      0.97      0.95     70291
          12       0.94      0.96      0.95     70291
          13       0.82      0.84      0.83     70291
          14       0.72      0.74      0.73     70291

    accuracy                           0.88   1054365
   macro avg       0.87      0.88      0.87   1054365
weighted avg       0.87      0.88      0.87   1054365

Accuracy:  0.8760618950742864 



For validation set

Classification Report:                precision    recall  f1-score   support

           0       0.74      0.86      0.79      2817
           1       0.64      0.79      0.70      1554
           2       0.86      0.85      0.85      9266
           3       0.69      0.83      0.75      1229
           4       0.75      0.62      0.68     11636
           5       0.68      0.80      0.73      1795
           6       0.39      0.63      0.48      1175
           7       0.47      0.59      0.52      4828
           8       0.74      0.48      0.58     23524
           9       0.56      0.81      0.66      1719
          10       0.46      0.71      0.56      4596
          11       0.57      0.77      0.66      1686
          12       0.58      0.76      0.66      1749
          13       0.52      0.68      0.59      4563
          14       0.61      0.65      0.63     13163

    accuracy                           0.65     85300
   macro avg       0.62      0.72      0.66     85300
weighted avg       0.67      0.65      0.65     85300

Accuracy:  0.6460375146541618 



For test set

Classification Report:                precision    recall  f1-score   support

           0       0.73      0.85      0.79      2935
           1       0.63      0.82      0.71      1521
           2       0.86      0.85      0.85      9051
           3       0.69      0.81      0.75      1175
           4       0.75      0.62      0.68     11493
           5       0.68      0.81      0.74      1781
           6       0.39      0.63      0.48      1133
           7       0.47      0.59      0.52      4921
           8       0.73      0.48      0.58     23516
           9       0.54      0.77      0.63      1695
          10       0.46      0.71      0.56      4747
          11       0.57      0.76      0.65      1769
          12       0.57      0.73      0.64      1743
          13       0.52      0.69      0.59      4524
          14       0.61      0.65      0.63     13296

    accuracy                           0.64     85300
   macro avg       0.61      0.72      0.65     85300
weighted avg       0.67      0.64      0.64     85300

Accuracy:  0.6438569753810082 


##############################################################################################################

With sampling type: 2

For training set

Classification Report:                precision    recall  f1-score   support

           0       0.96      0.97      0.97     70291
           1       0.97      0.98      0.97     70291
           2       0.92      0.91      0.92     70291
           3       0.97      0.99      0.98     70291
           4       0.82      0.74      0.78     70291
           5       0.92      0.97      0.94     70291
           6       0.95      0.96      0.95     70291
           7       0.83      0.81      0.82     70291
           8       0.67      0.56      0.61     70291
           9       0.94      0.97      0.96     70291
          10       0.81      0.85      0.83     70291
          11       0.96      0.97      0.96     70291
          12       0.96      0.96      0.96     70291
          13       0.85      0.87      0.86     70291
          14       0.70      0.76      0.73     70291

    accuracy                           0.88   1054365
   macro avg       0.88      0.88      0.88   1054365
weighted avg       0.88      0.88      0.88   1054365

Accuracy:  0.8844166868209775 



For validation set

Classification Report:                precision    recall  f1-score   support

           0       0.79      0.84      0.81      2817
           1       0.67      0.78      0.72      1554
           2       0.84      0.85      0.85      9266
           3       0.72      0.81      0.76      1229
           4       0.74      0.62      0.68     11636
           5       0.62      0.80      0.69      1795
           6       0.41      0.60      0.49      1175
           7       0.46      0.58      0.51      4828
           8       0.71      0.51      0.59     23524
           9       0.58      0.78      0.67      1719
          10       0.47      0.69      0.56      4596
          11       0.61      0.75      0.67      1686
          12       0.63      0.73      0.67      1749
          13       0.54      0.66      0.59      4563
          14       0.58      0.63      0.60     13163

    accuracy                           0.64     85300
   macro avg       0.62      0.71      0.66     85300
weighted avg       0.66      0.64      0.64     85300

Accuracy:  0.6434701055099649 



For test set

Classification Report:                precision    recall  f1-score   support

           0       0.78      0.83      0.80      2935
           1       0.67      0.81      0.73      1521
           2       0.84      0.85      0.85      9051
           3       0.72      0.79      0.75      1175
           4       0.75      0.63      0.69     11493
           5       0.62      0.82      0.71      1781
           6       0.41      0.60      0.49      1133
           7       0.46      0.58      0.51      4921
           8       0.71      0.51      0.59     23516
           9       0.57      0.76      0.65      1695
          10       0.48      0.69      0.57      4747
          11       0.61      0.74      0.67      1769
          12       0.62      0.71      0.66      1743
          13       0.54      0.66      0.59      4524
          14       0.58      0.63      0.60     13296

    accuracy                           0.64     85300
   macro avg       0.62      0.71      0.66     85300
weighted avg       0.66      0.64      0.64     85300

Accuracy:  0.6440328253223916 
