
##############################################################################################################

With sampling type: 1

For training set

Classification Report:                precision    recall  f1-score   support

           0       0.89      0.93      0.91      3450
           1       0.91      0.91      0.91      3450
           2       0.90      0.90      0.90      3450
           3       0.91      0.92      0.91      3450
           4       0.76      0.71      0.73      3450
           5       0.95      0.91      0.93      3450
           6       0.89      0.83      0.86      3450
           7       0.74      0.71      0.73      3450
           8       0.69      0.62      0.65      3450
           9       0.88      0.91      0.90      3450
          10       0.75      0.84      0.80      3450
          11       0.91      0.89      0.90      3450
          12       0.91      0.88      0.89      3450
          13       0.78      0.82      0.80      3450
          14       0.69      0.77      0.73      3450

    accuracy                           0.84     51750
   macro avg       0.84      0.84      0.84     51750
weighted avg       0.84      0.84      0.84     51750

Accuracy:  0.8367149758454107 



For validation set

Classification Report:                precision    recall  f1-score   support

           0       0.62      0.86      0.72      2912
           1       0.58      0.80      0.67      1503
           2       0.85      0.81      0.83      9103
           3       0.62      0.84      0.72      1223
           4       0.76      0.56      0.65     11741
           5       0.63      0.78      0.70      1820
           6       0.38      0.64      0.47      1146
           7       0.42      0.56      0.48      4836
           8       0.73      0.43      0.54     23481
           9       0.45      0.85      0.59      1678
          10       0.44      0.71      0.54      4666
          11       0.54      0.74      0.62      1717
          12       0.56      0.73      0.63      1787
          13       0.49      0.67      0.56      4521
          14       0.58      0.63      0.60     13166

    accuracy                           0.61     85300
   macro avg       0.58      0.71      0.62     85300
weighted avg       0.65      0.61      0.61     85300

Accuracy:  0.6124970691676436 



For test set

Classification Report:                precision    recall  f1-score   support

           0       0.63      0.85      0.72      2885
           1       0.59      0.80      0.68      1522
           2       0.84      0.82      0.83      9018
           3       0.61      0.87      0.72      1238
           4       0.76      0.55      0.64     11485
           5       0.63      0.79      0.70      1784
           6       0.38      0.66      0.48      1151
           7       0.42      0.55      0.48      4929
           8       0.73      0.43      0.54     23507
           9       0.45      0.83      0.58      1709
          10       0.43      0.71      0.54      4721
          11       0.55      0.77      0.64      1674
          12       0.54      0.73      0.62      1736
          13       0.50      0.66      0.57      4574
          14       0.59      0.63      0.61     13367

    accuracy                           0.61     85300
   macro avg       0.58      0.71      0.62     85300
weighted avg       0.65      0.61      0.61     85300

Accuracy:  0.611957796014068 


##############################################################################################################

With sampling type: 3

For training set

Classification Report:                precision    recall  f1-score   support

           0       0.88      0.90      0.89      3450
           1       0.87      0.87      0.87      3450
           2       0.85      0.86      0.86      3450
           3       0.81      0.89      0.85      3450
           4       0.74      0.69      0.72      3450
           5       0.93      0.89      0.91      3450
           6       0.89      0.81      0.84      3450
           7       0.67      0.66      0.67      3450
           8       0.59      0.52      0.55      3450
           9       0.86      0.88      0.87      3450
          10       0.70      0.81      0.75      3450
          11       0.90      0.86      0.88      3450
          12       0.88      0.83      0.85      3450
          13       0.78      0.79      0.78      3450
          14       0.63      0.70      0.67      3450

    accuracy                           0.80     51750
   macro avg       0.80      0.80      0.80     51750
weighted avg       0.80      0.80      0.80     51750

Accuracy:  0.797487922705314 



For validation set

Classification Report:                precision    recall  f1-score   support

           0       0.64      0.85      0.73      2912
           1       0.62      0.78      0.69      1503
           2       0.81      0.79      0.80      9103
           3       0.71      0.80      0.75      1223
           4       0.80      0.40      0.53     11741
           5       0.42      0.84      0.56      1820
           6       0.19      0.72      0.30      1146
           7       0.31      0.56      0.40      4836
           8       0.74      0.27      0.39     23481
           9       0.37      0.86      0.52      1678
          10       0.40      0.68      0.50      4666
          11       0.44      0.77      0.56      1717
          12       0.41      0.73      0.53      1787
          13       0.39      0.72      0.51      4521
          14       0.60      0.55      0.58     13166

    accuracy                           0.53     85300
   macro avg       0.52      0.69      0.56     85300
weighted avg       0.63      0.53      0.53     85300

Accuracy:  0.5340679953106682 



For test set

Classification Report:                precision    recall  f1-score   support

           0       0.63      0.84      0.72      2885
           1       0.61      0.77      0.68      1522
           2       0.81      0.80      0.80      9018
           3       0.69      0.82      0.75      1238
           4       0.80      0.40      0.53     11485
           5       0.40      0.84      0.54      1784
           6       0.19      0.71      0.30      1151
           7       0.32      0.53      0.40      4929
           8       0.73      0.27      0.39     23507
           9       0.38      0.85      0.52      1709
          10       0.40      0.68      0.50      4721
          11       0.44      0.78      0.56      1674
          12       0.40      0.74      0.52      1736
          13       0.39      0.72      0.51      4574
          14       0.60      0.53      0.56     13367

    accuracy                           0.53     85300
   macro avg       0.52      0.69      0.55     85300
weighted avg       0.63      0.53      0.53     85300

Accuracy:  0.5324736225087925 


##############################################################################################################

With sampling type: 6

For training set

Classification Report:                precision    recall  f1-score   support

           0       0.89      0.85      0.87      8662
           1       0.86      0.75      0.80      4551
           2       0.89      0.89      0.89     27207
           3       0.85      0.80      0.82      3450
           4       0.76      0.77      0.76     33743
           5       0.93      0.75      0.83      5179
           6       0.81      0.51      0.62      3409
           7       0.72      0.56      0.63     14333
           8       0.65      0.79      0.71     69165
           9       0.83      0.68      0.74      5129
          10       0.69      0.61      0.65     13938
          11       0.85      0.68      0.76      5173
          12       0.88      0.68      0.77      5094
          13       0.72      0.63      0.67     13617
          14       0.70      0.65      0.67     38913

    accuracy                           0.74    251563
   macro avg       0.80      0.71      0.75    251563
weighted avg       0.74      0.74      0.73    251563

Accuracy:  0.735298911207133 



For validation set

Classification Report:                precision    recall  f1-score   support

           0       0.85      0.79      0.82      2912
           1       0.80      0.68      0.73      1503
           2       0.85      0.86      0.86      9103
           3       0.81      0.68      0.74      1223
           4       0.71      0.72      0.71     11741
           5       0.90      0.68      0.77      1820
           6       0.74      0.42      0.53      1146
           7       0.62      0.49      0.55      4836
           8       0.59      0.74      0.65     23481
           9       0.76      0.62      0.68      1678
          10       0.62      0.53      0.57      4666
          11       0.81      0.61      0.69      1717
          12       0.85      0.61      0.71      1787
          13       0.62      0.55      0.58      4521
          14       0.64      0.58      0.61     13166

    accuracy                           0.68     85300
   macro avg       0.74      0.64      0.68     85300
weighted avg       0.68      0.68      0.67     85300

Accuracy:  0.6753692848769051 



For test set

Classification Report:                precision    recall  f1-score   support

           0       0.85      0.79      0.82      2885
           1       0.81      0.67      0.74      1522
           2       0.85      0.87      0.86      9018
           3       0.79      0.72      0.75      1238
           4       0.71      0.72      0.71     11485
           5       0.90      0.68      0.78      1784
           6       0.73      0.42      0.54      1151
           7       0.64      0.48      0.55      4929
           8       0.59      0.74      0.66     23507
           9       0.75      0.60      0.66      1709
          10       0.61      0.54      0.57      4721
          11       0.82      0.62      0.71      1674
          12       0.85      0.61      0.71      1736
          13       0.63      0.55      0.59      4574
          14       0.64      0.57      0.60     13367

    accuracy                           0.67     85300
   macro avg       0.74      0.64      0.68     85300
weighted avg       0.68      0.67      0.67     85300

Accuracy:  0.6749706916764361 


##############################################################################################################

Without any undersampling/oversampling

For training set

Classification Report:                precision    recall  f1-score   support

           0       0.96      0.97      0.97     70343
           1       0.97      0.98      0.98     70343
           2       0.94      0.93      0.93     70343
           3       0.97      0.99      0.98     70343
           4       0.83      0.75      0.78     70343
           5       0.94      0.97      0.96     70343
           6       0.95      0.96      0.95     70343
           7       0.82      0.81      0.82     70343
           8       0.67      0.56      0.61     70343
           9       0.94      0.97      0.96     70343
          10       0.82      0.88      0.85     70343
          11       0.96      0.97      0.96     70343
          12       0.96      0.96      0.96     70343
          13       0.85      0.87      0.86     70343
          14       0.71      0.75      0.73     70343

    accuracy                           0.89   1055145
   macro avg       0.89      0.89      0.89   1055145
weighted avg       0.89      0.89      0.89   1055145

Accuracy:  0.8883660539546697 



For validation set

Classification Report:                precision    recall  f1-score   support

           0       0.78      0.84      0.81      2912
           1       0.66      0.80      0.72      1503
           2       0.87      0.84      0.85      9103
           3       0.73      0.78      0.75      1223
           4       0.75      0.63      0.68     11741
           5       0.58      0.80      0.68      1820
           6       0.43      0.59      0.50      1146
           7       0.45      0.59      0.51      4836
           8       0.71      0.51      0.59     23481
           9       0.56      0.80      0.66      1678
          10       0.48      0.67      0.56      4666
          11       0.59      0.73      0.65      1717
          12       0.63      0.72      0.67      1787
          13       0.52      0.66      0.58      4521
          14       0.57      0.62      0.60     13166

    accuracy                           0.64     85300
   macro avg       0.62      0.71      0.65     85300
weighted avg       0.66      0.64      0.64     85300

Accuracy:  0.6425791324736225 



For test set

Classification Report:                precision    recall  f1-score   support

           0       0.77      0.84      0.80      2885
           1       0.67      0.79      0.73      1522
           2       0.87      0.84      0.85      9018
           3       0.72      0.81      0.76      1238
           4       0.74      0.62      0.68     11485
           5       0.57      0.81      0.67      1784
           6       0.42      0.60      0.50      1151
           7       0.46      0.58      0.52      4929
           8       0.71      0.51      0.59     23507
           9       0.56      0.79      0.65      1709
          10       0.48      0.67      0.56      4721
          11       0.61      0.76      0.67      1674
          12       0.63      0.73      0.67      1736
          13       0.53      0.66      0.58      4574
          14       0.57      0.62      0.59     13367

    accuracy                           0.64     85300
   macro avg       0.62      0.71      0.66     85300
weighted avg       0.66      0.64      0.64     85300

Accuracy:  0.6409964830011723 


##############################################################################################################

With sampling type: 0

For training set

Classification Report:                precision    recall  f1-score   support

           0       0.95      0.97      0.96     70343
           1       0.96      0.98      0.97     70343
           2       0.93      0.91      0.92     70343
           3       0.97      0.99      0.98     70343
           4       0.81      0.70      0.75     70343
           5       0.96      0.98      0.97     70343
           6       0.93      0.96      0.95     70343
           7       0.80      0.78      0.79     70343
           8       0.65      0.53      0.59     70343
           9       0.93      0.97      0.95     70343
          10       0.79      0.86      0.82     70343
          11       0.94      0.97      0.95     70343
          12       0.94      0.96      0.95     70343
          13       0.81      0.85      0.83     70343
          14       0.73      0.74      0.73     70343

    accuracy                           0.88   1055145
   macro avg       0.87      0.88      0.87   1055145
weighted avg       0.87      0.88      0.87   1055145

Accuracy:  0.8768320941671524 



For validation set

Classification Report:                precision    recall  f1-score   support

           0       0.73      0.86      0.79      2912
           1       0.63      0.81      0.71      1503
           2       0.86      0.84      0.85      9103
           3       0.70      0.80      0.75      1223
           4       0.75      0.61      0.68     11741
           5       0.68      0.80      0.74      1820
           6       0.40      0.62      0.49      1146
           7       0.46      0.60      0.52      4836
           8       0.74      0.49      0.58     23481
           9       0.54      0.82      0.65      1678
          10       0.45      0.70      0.55      4666
          11       0.56      0.76      0.64      1717
          12       0.59      0.74      0.66      1787
          13       0.51      0.68      0.59      4521
          14       0.61      0.65      0.63     13166

    accuracy                           0.64     85300
   macro avg       0.61      0.72      0.65     85300
weighted avg       0.67      0.64      0.64     85300

Accuracy:  0.6442907385697538 



For test set

Classification Report:                precision    recall  f1-score   support

           0       0.72      0.86      0.78      2885
           1       0.64      0.81      0.71      1522
           2       0.86      0.85      0.85      9018
           3       0.69      0.83      0.75      1238
           4       0.75      0.61      0.67     11485
           5       0.69      0.80      0.74      1784
           6       0.41      0.63      0.49      1151
           7       0.47      0.59      0.52      4929
           8       0.73      0.49      0.59     23507
           9       0.54      0.82      0.65      1709
          10       0.46      0.71      0.56      4721
          11       0.57      0.78      0.66      1674
          12       0.58      0.75      0.66      1736
          13       0.52      0.67      0.58      4574
          14       0.61      0.64      0.62     13367

    accuracy                           0.64     85300
   macro avg       0.61      0.72      0.66     85300
weighted avg       0.67      0.64      0.64     85300

Accuracy:  0.6432942555685814 


##############################################################################################################

With sampling type: 2

For training set

Classification Report:                precision    recall  f1-score   support

           0       0.96      0.97      0.97     70343
           1       0.97      0.98      0.98     70343
           2       0.94      0.92      0.93     70343
           3       0.97      0.99      0.98     70343
           4       0.82      0.75      0.78     70343
           5       0.94      0.97      0.96     70343
           6       0.95      0.96      0.95     70343
           7       0.82      0.81      0.82     70343
           8       0.67      0.56      0.61     70343
           9       0.94      0.97      0.96     70343
          10       0.82      0.88      0.85     70343
          11       0.96      0.97      0.96     70343
          12       0.96      0.96      0.96     70343
          13       0.85      0.87      0.86     70343
          14       0.71      0.76      0.74     70343

    accuracy                           0.89   1055145
   macro avg       0.89      0.89      0.89   1055145
weighted avg       0.89      0.89      0.89   1055145

Accuracy:  0.8885176918812107 



For validation set

Classification Report:                precision    recall  f1-score   support

           0       0.77      0.84      0.80      2912
           1       0.66      0.80      0.72      1503
           2       0.87      0.84      0.85      9103
           3       0.73      0.78      0.75      1223
           4       0.75      0.63      0.68     11741
           5       0.58      0.81      0.68      1820
           6       0.43      0.59      0.50      1146
           7       0.45      0.60      0.51      4836
           8       0.71      0.51      0.60     23481
           9       0.57      0.80      0.66      1678
          10       0.48      0.66      0.56      4666
          11       0.60      0.74      0.66      1717
          12       0.63      0.72      0.67      1787
          13       0.52      0.66      0.58      4521
          14       0.57      0.62      0.60     13166

    accuracy                           0.64     85300
   macro avg       0.62      0.71      0.66     85300
weighted avg       0.66      0.64      0.64     85300

Accuracy:  0.6426611957796015 



For test set

Classification Report:                precision    recall  f1-score   support

           0       0.77      0.83      0.80      2885
           1       0.67      0.79      0.73      1522
           2       0.87      0.84      0.86      9018
           3       0.72      0.81      0.76      1238
           4       0.74      0.62      0.67     11485
           5       0.57      0.82      0.67      1784
           6       0.43      0.61      0.51      1151
           7       0.47      0.58      0.52      4929
           8       0.71      0.51      0.60     23507
           9       0.56      0.80      0.66      1709
          10       0.48      0.68      0.56      4721
          11       0.61      0.76      0.68      1674
          12       0.62      0.73      0.67      1736
          13       0.53      0.66      0.59      4574
          14       0.57      0.62      0.59     13367

    accuracy                           0.64     85300
   macro avg       0.62      0.71      0.66     85300
weighted avg       0.66      0.64      0.64     85300

Accuracy:  0.6417584994138336 
