
With Weighted Sampling:

Classification Report: 
              precision    recall  f1-score   support

           0       0.92      0.89      0.91      2238
           1       0.83      0.81      0.82      1173
           2       0.91      0.89      0.90      6772
           3       0.81      0.82      0.82       878
           4       0.75      0.76      0.76      8696
           5       0.86      0.81      0.83      1356
           6       0.72      0.63      0.67       875
           7       0.78      0.72      0.75      3714
           8       0.68      0.71      0.70     17645
           9       0.77      0.73      0.75      1291
          10       0.64      0.59      0.62      3441
          11       0.79      0.77      0.78      1304
          12       0.80      0.75      0.77      1304
          13       0.67      0.65      0.66      3391
          14       0.66      0.69      0.68      9897

    accuracy                           0.74     63975
   macro avg       0.77      0.75      0.76     63975
weighted avg       0.74      0.74      0.74     63975

Accuracy Report: 
0.7366002344665885

Without Weighted Sampling:

Classification Report: 
              precision    recall  f1-score   support

           0       0.92      0.93      0.92      1492
           1       0.86      0.80      0.83       787
           2       0.92      0.91      0.91      4517
           3       0.85      0.87      0.86       590
           4       0.77      0.76      0.77      5795
           5       0.87      0.82      0.84       887
           6       0.79      0.63      0.70       602
           7       0.81      0.74      0.77      2443
           8       0.70      0.73      0.71     11489
           9       0.80      0.76      0.78       854
          10       0.69      0.65      0.67      2427
          11       0.79      0.76      0.77       866
          12       0.81      0.78      0.79       885
          13       0.69      0.70      0.69      2361
          14       0.70      0.72      0.71      6655

    accuracy                           0.76     42650
   macro avg       0.80      0.77      0.78     42650
weighted avg       0.76      0.76      0.76     42650

Accuracy Report: 
0.7584056271981243
