# Labels:

0  ----- EDAnonymous
1  ----- addiction
2  ----- adhd
3  ----- alcoholism
4  ----- anxiety
5  ----- autism
6  ----- bipolarreddit
7  ----- bpd
8  ----- depression
9  ----- healthanxiety
10 ----- lonely
11 ----- ptsd
12 ----- schizophrenia
13 ----- socialanxiety
14 ----- suicidewatch

##############################################################################################################

Sampling types (for class imbalance):

1  ----- Random Under Sampler
3  ----- Near Miss
6  ----- Tomek Links
-1 ----- Without any undersampling/oversampling

##############################################################################################################
##############################################################################################################

With sampling type: 1



For training set

Classification Report:                precision    recall  f1-score   support

           0       0.80      0.78      0.79      3435
           1       0.75      0.73      0.74      3435
           2       0.78      0.72      0.75      3435
           3       0.71      0.89      0.79      3435
           4       0.57      0.47      0.51      3435
           5       0.84      0.73      0.78      3435
           6       0.77      0.64      0.70      3435
           7       0.58      0.30      0.40      3435
           8       0.35      0.32      0.33      3435
           9       0.75      0.80      0.77      3435
          10       0.47      0.77      0.58      3435
          11       0.77      0.70      0.73      3435
          12       0.84      0.62      0.71      3435
          13       0.58      0.62      0.60      3435
          14       0.44      0.66      0.53      3435

    accuracy                           0.65     51525
   macro avg       0.67      0.65      0.65     51525
weighted avg       0.67      0.65      0.65     51525

Accuracy:  0.6495099466278506 



For validation set

Classification Report:                precision    recall  f1-score   support

           0       0.66      0.79      0.72      2883
           1       0.42      0.73      0.54      1522
           2       0.83      0.71      0.77      9112
           3       0.38      0.89      0.53      1217
           4       0.74      0.46      0.56     11389
           5       0.59      0.72      0.65      1818
           6       0.35      0.59      0.44      1176
           7       0.50      0.31      0.38      4808
           8       0.66      0.33      0.44     23451
           9       0.40      0.77      0.53      1705
          10       0.32      0.79      0.46      4822
          11       0.46      0.69      0.55      1749
          12       0.60      0.60      0.60      1687
          13       0.45      0.60      0.51      4658
          14       0.50      0.64      0.56     13303

    accuracy                           0.54     85300
   macro avg       0.52      0.64      0.55     85300
weighted avg       0.60      0.54      0.54     85300

Accuracy:  0.5392614302461899 



For test set

Classification Report:                precision    recall  f1-score   support

           0       0.65      0.79      0.71      2903
           1       0.41      0.73      0.53      1512
           2       0.83      0.71      0.77      9090
           3       0.37      0.89      0.53      1196
           4       0.74      0.46      0.56     11661
           5       0.60      0.71      0.65      1778
           6       0.35      0.61      0.44      1169
           7       0.47      0.29      0.36      4869
           8       0.67      0.33      0.44     23463
           9       0.39      0.77      0.52      1779
          10       0.31      0.77      0.45      4694
          11       0.47      0.70      0.56      1733
          12       0.59      0.57      0.58      1715
          13       0.44      0.61      0.51      4543
          14       0.50      0.64      0.56     13195

    accuracy                           0.54     85300
   macro avg       0.52      0.64      0.54     85300
weighted avg       0.60      0.54      0.53     85300

Accuracy:  0.536588511137163 




##############################################################################################################
##############################################################################################################

With sampling type: 3



For training set

Classification Report:                precision    recall  f1-score   support

           0       0.76      0.69      0.72      3435
           1       0.79      0.64      0.70      3435
           2       0.60      0.76      0.67      3435
           3       0.79      0.82      0.81      3435
           4       0.47      0.51      0.49      3435
           5       0.87      0.62      0.72      3435
           6       0.69      0.44      0.54      3435
           7       0.48      0.23      0.31      3435
           8       0.28      0.32      0.30      3435
           9       0.83      0.68      0.75      3435
          10       0.47      0.71      0.57      3435
          11       0.85      0.53      0.65      3435
          12       0.85      0.55      0.67      3435
          13       0.60      0.44      0.51      3435
          14       0.28      0.72      0.40      3435

    accuracy                           0.58     51525
   macro avg       0.64      0.58      0.59     51525
weighted avg       0.64      0.58      0.59     51525

Accuracy:  0.5774090247452693 



For validation set

Classification Report:                precision    recall  f1-score   support

           0       0.65      0.72      0.68      2883
           1       0.53      0.66      0.59      1522
           2       0.80      0.65      0.71      9112
           3       0.51      0.82      0.63      1217
           4       0.70      0.38      0.49     11389
           5       0.68      0.65      0.66      1818
           6       0.56      0.41      0.47      1176
           7       0.46      0.27      0.34      4808
           8       0.61      0.20      0.31     23451
           9       0.42      0.70      0.53      1705
          10       0.34      0.68      0.46      4822
          11       0.59      0.55      0.57      1749
          12       0.66      0.52      0.58      1687
          13       0.38      0.58      0.46      4658
          14       0.36      0.78      0.49     13303

    accuracy                           0.49     85300
   macro avg       0.55      0.57      0.53     85300
weighted avg       0.56      0.49      0.47     85300

Accuracy:  0.48590855803048066 



For test set

Classification Report:                precision    recall  f1-score   support

           0       0.65      0.71      0.68      2903
           1       0.51      0.62      0.56      1512
           2       0.79      0.64      0.70      9090
           3       0.51      0.81      0.62      1196
           4       0.70      0.37      0.49     11661
           5       0.66      0.63      0.64      1778
           6       0.59      0.41      0.49      1169
           7       0.43      0.25      0.32      4869
           8       0.61      0.21      0.31     23463
           9       0.42      0.69      0.53      1779
          10       0.33      0.67      0.44      4694
          11       0.59      0.56      0.58      1733
          12       0.65      0.49      0.56      1715
          13       0.37      0.60      0.46      4543
          14       0.36      0.79      0.49     13195

    accuracy                           0.48     85300
   macro avg       0.55      0.56      0.52     85300
weighted avg       0.56      0.48      0.47     85300

Accuracy:  0.4813012895662368 


##############################################################################################################
##############################################################################################################

With sampling type: 6




For training set


Classification Report:                precision    recall  f1-score   support

           0       0.79      0.57      0.66      8654
           1       0.75      0.43      0.54      4560
           2       0.81      0.66      0.73     27044
           3       0.69      0.63      0.66      3485
           4       0.65      0.54      0.59     33812
           5       0.93      0.44      0.60      5276
           6       0.71      0.28      0.40      3519
           7       0.82      0.05      0.09     14306
           8       0.42      0.84      0.56     69368
           9       0.82      0.28      0.41      5051
          10       0.60      0.29      0.39     13820
          11       0.85      0.30      0.45      5126
          12       0.87      0.34      0.49      5151
          13       0.66      0.29      0.40     13459
          14       0.59      0.42      0.49     38940

    accuracy                           0.54    251571
   macro avg       0.73      0.42      0.50    251571
weighted avg       0.63      0.54      0.52    251571

Accuracy:  0.5423359608221934 




For validation set

Classification Report:                precision    recall  f1-score   support

           0       0.79      0.56      0.65      2911
           1       0.72      0.39      0.51      1496
           2       0.81      0.66      0.73      9122
           3       0.69      0.61      0.64      1175
           4       0.64      0.54      0.59     11484
           5       0.92      0.43      0.58      1698
           6       0.67      0.28      0.39      1143
           7       0.82      0.05      0.10      4922
           8       0.41      0.83      0.55     23620
           9       0.81      0.26      0.40      1741
          10       0.60      0.29      0.39      4738
          11       0.86      0.31      0.45      1692
          12       0.87      0.34      0.49      1744
          13       0.63      0.27      0.38      4611
          14       0.58      0.40      0.47     13203

    accuracy                           0.53     85300
   macro avg       0.72      0.41      0.49     85300
weighted avg       0.62      0.53      0.52     85300

Accuracy:  0.5341852286049238 




For test set

Classification Report:                precision    recall  f1-score   support

           0       0.78      0.58      0.67      2905
           1       0.74      0.41      0.53      1511
           2       0.81      0.66      0.73      9174
           3       0.71      0.62      0.66      1212
           4       0.64      0.53      0.58     11692
           5       0.92      0.44      0.59      1803
           6       0.73      0.29      0.41      1118
           7       0.83      0.05      0.10      4851
           8       0.41      0.83      0.55     23161
           9       0.81      0.27      0.41      1728
          10       0.59      0.29      0.39      4773
          11       0.83      0.29      0.43      1734
          12       0.85      0.35      0.50      1720
          13       0.66      0.28      0.40      4652
          14       0.59      0.41      0.48     13266

    accuracy                           0.53     85300
   macro avg       0.73      0.42      0.49     85300
weighted avg       0.62      0.53      0.52     85300

Accuracy:  0.5349589683470105 





##############################################################################################################
##############################################################################################################

Without any undersampling/oversampling



For training set

Classification Report:                precision    recall  f1-score   support

           0       0.79      0.56      0.66      8761
           1       0.75      0.42      0.54      4634
           2       0.81      0.66      0.73     27335
           3       0.69      0.62      0.65      3524
           4       0.64      0.54      0.59     34495
           5       0.92      0.44      0.59      5368
           6       0.72      0.28      0.40      3519
           7       0.80      0.05      0.09     14521
           8       0.42      0.84      0.56     70550
           9       0.81      0.27      0.41      5179
          10       0.59      0.29      0.39     14124
          11       0.85      0.30      0.44      5217
          12       0.86      0.34      0.49      5248
          13       0.66      0.29      0.40     13733
          14       0.59      0.41      0.49     39692

    accuracy                           0.54    255900
   macro avg       0.73      0.42      0.49    255900
weighted avg       0.62      0.54      0.52    255900

Accuracy:  0.5392809691285658 



For validation set

Classification Report:                precision    recall  f1-score   support

           0       0.79      0.55      0.65      2911
           1       0.72      0.39      0.50      1496
           2       0.81      0.66      0.73      9122
           3       0.69      0.60      0.64      1175
           4       0.64      0.54      0.59     11484
           5       0.92      0.43      0.58      1698
           6       0.67      0.27      0.38      1143
           7       0.80      0.05      0.10      4922
           8       0.41      0.83      0.55     23620
           9       0.81      0.26      0.40      1741
          10       0.60      0.29      0.39      4738
          11       0.86      0.30      0.45      1692
          12       0.87      0.34      0.49      1744
          13       0.63      0.28      0.38      4611
          14       0.58      0.40      0.47     13203

    accuracy                           0.53     85300
   macro avg       0.72      0.41      0.49     85300
weighted avg       0.62      0.53      0.51     85300

Accuracy:  0.5332473622508792 



For test set

Classification Report:                precision    recall  f1-score   support

           0       0.78      0.58      0.67      2905
           1       0.73      0.41      0.53      1511
           2       0.81      0.66      0.73      9174
           3       0.71      0.62      0.66      1212
           4       0.64      0.52      0.58     11692
           5       0.92      0.43      0.59      1803
           6       0.74      0.29      0.41      1118
           7       0.82      0.05      0.10      4851
           8       0.41      0.83      0.55     23161
           9       0.81      0.27      0.41      1728
          10       0.59      0.29      0.39      4773
          11       0.83      0.29      0.43      1734
          12       0.85      0.35      0.49      1720
          13       0.66      0.29      0.40      4652
          14       0.58      0.41      0.48     13266

    accuracy                           0.53     85300
   macro avg       0.73      0.42      0.49     85300
weighted avg       0.62      0.53      0.52     85300

Accuracy:  0.5340093786635405 


##############################################################################################################
