# Labels:

0  ----- EDAnonymous
1  ----- addiction
2  ----- adhd
3  ----- alcoholism
4  ----- anxiety
5  ----- autism
6  ----- bipolarreddit
7  ----- bpd
8  ----- depression
9  ----- healthanxiety
10 ----- lonely
11 ----- ptsd
12 ----- schizophrenia
13 ----- socialanxiety
14 ----- suicidewatch

##############################################################################################################

Sampling types (for class imbalance):

0  ----- Random Over Sampler
1  ----- Random Under Sampler
2  ----- SMOTE
3  ----- Near Miss
6  ----- Tomek Links
-1 ----- Without any undersampling/oversampling

##############################################################################################################
##############################################################################################################

With sampling type: 1



For training set

Classification Report:                precision    recall  f1-score   support

           0       0.73      0.89      0.80      3514
           1       0.85      0.86      0.86      3514
           2       0.83      0.82      0.83      3514
           3       0.79      0.93      0.86      3514
           4       0.75      0.53      0.62      3514
           5       0.72      0.87      0.78      3514
           6       0.83      0.73      0.78      3514
           7       0.87      0.42      0.57      3514
           8       0.82      0.41      0.55      3514
           9       0.76      0.86      0.81      3514
          10       0.50      0.84      0.63      3514
          11       0.84      0.85      0.85      3514
          12       0.90      0.74      0.81      3514
          13       0.70      0.71      0.71      3514
          14       0.61      0.70      0.65      3514

    accuracy                           0.75     52710
   macro avg       0.77      0.75      0.74     52710
weighted avg       0.77      0.75      0.74     52710

Accuracy:  0.7457977613356099 



For validation set

Classification Report:                precision    recall  f1-score   support

           0       0.47      0.87      0.61      2907
           1       0.41      0.81      0.54      1574
           2       0.82      0.76      0.79      9223
           3       0.35      0.89      0.50      1193
           4       0.75      0.38      0.51     11471
           5       0.36      0.83      0.50      1732
           6       0.28      0.69      0.40      1115
           7       0.58      0.24      0.34      4884
           8       0.81      0.22      0.35     23290
           9       0.28      0.80      0.42      1710
          10       0.29      0.77      0.42      4775
          11       0.39      0.80      0.52      1752
          12       0.65      0.68      0.67      1782
          13       0.44      0.59      0.50      4559
          14       0.52      0.59      0.56     13333

    accuracy                           0.51     85300
   macro avg       0.49      0.66      0.51     85300
weighted avg       0.63      0.51      0.49     85300

Accuracy:  0.5051230949589683 



For test set

Classification Report:                precision    recall  f1-score   support

           0       0.47      0.87      0.61      2952
           1       0.40      0.80      0.53      1497
           2       0.81      0.77      0.79      9104
           3       0.34      0.90      0.49      1184
           4       0.76      0.38      0.51     11558
           5       0.36      0.81      0.50      1784
           6       0.29      0.68      0.40      1151
           7       0.59      0.24      0.34      4876
           8       0.81      0.22      0.35     23644
           9       0.30      0.82      0.44      1758
          10       0.29      0.77      0.42      4663
          11       0.38      0.80      0.52      1698
          12       0.63      0.69      0.66      1780
          13       0.44      0.60      0.51      4561
          14       0.52      0.59      0.55     13090

    accuracy                           0.51     85300
   macro avg       0.49      0.66      0.51     85300
weighted avg       0.63      0.51      0.49     85300

Accuracy:  0.5051817116060962 




##############################################################################################################
##############################################################################################################

With sampling type: 3



For training set

Classification Report:                precision    recall  f1-score   support

           0       0.78      0.86      0.82      3514
           1       0.85      0.84      0.84      3514
           2       0.77      0.85      0.81      3514
           3       0.80      0.92      0.86      3514
           4       0.71      0.54      0.61      3514
           5       0.89      0.83      0.86      3514
           6       0.76      0.69      0.72      3514
           7       0.88      0.35      0.50      3514
           8       0.52      0.22      0.31      3514
           9       0.78      0.83      0.80      3514
          10       0.43      0.91      0.58      3514
          11       0.84      0.85      0.85      3514
          12       0.88      0.73      0.80      3514
          13       0.75      0.65      0.70      3514
          14       0.51      0.69      0.59      3514

    accuracy                           0.72     52710
   macro avg       0.74      0.72      0.71     52710
weighted avg       0.74      0.72      0.71     52710

Accuracy:  0.7169417567823942 



For validation set

Classification Report:                precision    recall  f1-score   support

           0       0.46      0.82      0.59      2907
           1       0.32      0.81      0.46      1574
           2       0.82      0.70      0.76      9223
           3       0.31      0.88      0.46      1193
           4       0.72      0.30      0.43     11471
           5       0.43      0.81      0.56      1732
           6       0.33      0.63      0.43      1115
           7       0.42      0.21      0.28      4884
           8       0.71      0.12      0.21     23290
           9       0.22      0.80      0.34      1710
          10       0.26      0.71      0.38      4775
          11       0.29      0.81      0.43      1752
          12       0.61      0.68      0.64      1782
          13       0.36      0.60      0.45      4559
          14       0.48      0.53      0.50     13333

    accuracy                           0.44     85300
   macro avg       0.45      0.63      0.46     85300
weighted avg       0.57      0.44      0.42     85300

Accuracy:  0.4417702227432591 



For test set

Classification Report:                precision    recall  f1-score   support

           0       0.46      0.83      0.59      2952
           1       0.31      0.81      0.45      1497
           2       0.81      0.71      0.76      9104
           3       0.31      0.89      0.46      1184
           4       0.73      0.30      0.42     11558
           5       0.44      0.79      0.57      1784
           6       0.35      0.62      0.44      1151
           7       0.43      0.21      0.28      4876
           8       0.71      0.12      0.20     23644
           9       0.23      0.81      0.35      1758
          10       0.26      0.72      0.38      4663
          11       0.28      0.80      0.41      1698
          12       0.60      0.68      0.63      1780
          13       0.35      0.61      0.45      4561
          14       0.47      0.52      0.50     13090

    accuracy                           0.44     85300
   macro avg       0.45      0.63      0.46     85300
weighted avg       0.57      0.44      0.41     85300

Accuracy:  0.43966002344665883 




##############################################################################################################
##############################################################################################################

With sampling type: 6



For training set

Classification Report:                precision    recall  f1-score   support

           0       1.00      0.00      0.00      8731
           1       0.00      0.00      0.00      4450
           2       0.99      0.06      0.12     27148
           3       0.00      0.00      0.00      3511
           4       0.89      0.01      0.02     33800
           5       0.00      0.00      0.00      5247
           6       0.00      0.00      0.00      3470
           7       0.00      0.00      0.00     14408
           8       0.28      1.00      0.43     69270
           9       0.00      0.00      0.00      4994
          10       0.00      0.00      0.00     13801
          11       0.00      0.00      0.00      5104
          12       0.00      0.00      0.00      5077
          13       0.00      0.00      0.00     13544
          14       0.00      0.00      0.00     39032

    accuracy                           0.28    251587
   macro avg       0.21      0.07      0.04    251587
weighted avg       0.34      0.28      0.13    251587

Accuracy:  0.28313863593905886 



For validation set

Classification Report:                precision    recall  f1-score   support

           0       1.00      0.00      0.00      2865
           1       0.00      0.00      0.00      1529
           2       0.98      0.05      0.10      9071
           3       0.00      0.00      0.00      1158
           4       0.82      0.01      0.01     11491
           5       0.00      0.00      0.00      1805
           6       0.00      0.00      0.00      1153
           7       0.00      0.00      0.00      4868
           8       0.28      1.00      0.43     23434
           9       0.00      0.00      0.00      1755
          10       0.00      0.00      0.00      4731
          11       0.00      0.00      0.00      1779
          12       0.00      0.00      0.00      1798
          13       0.00      0.00      0.00      4644
          14       0.00      0.00      0.00     13219

    accuracy                           0.28     85300
   macro avg       0.20      0.07      0.04     85300
weighted avg       0.32      0.28      0.13     85300

Accuracy:  0.2812192262602579 




For test set

Classification Report:                precision    recall  f1-score   support

           0       1.00      0.00      0.00      2860
           1       0.00      0.00      0.00      1572
           2       0.98      0.05      0.09      9119
           3       0.00      0.00      0.00      1195
           4       0.80      0.01      0.01     11711
           5       0.00      0.00      0.00      1714
           6       0.00      0.00      0.00      1157
           7       0.00      0.00      0.00      4827
           8       0.28      1.00      0.43     23465
           9       0.00      0.00      0.00      1775
          10       0.00      0.00      0.00      4784
          11       0.00      0.00      0.00      1686
          12       0.00      0.00      0.00      1743
          13       0.00      0.00      0.00      4515
          14       0.00      0.00      0.00     13177

    accuracy                           0.28     85300
   macro avg       0.20      0.07      0.04     85300
weighted avg       0.32      0.28      0.13     85300

Accuracy:  0.28087924970691674 





##############################################################################################################
##############################################################################################################

Without any undersampling/oversampling



For training set


Classification Report:                precision    recall  f1-score   support

           0       1.00      0.00      0.00      8852
           1       0.00      0.00      0.00      4540
           2       0.99      0.06      0.11     27441
           3       0.00      0.00      0.00      3558
           4       0.87      0.01      0.02     34469
           5       0.00      0.00      0.00      5350
           6       0.00      0.00      0.00      3470
           7       0.00      0.00      0.00     14599
           8       0.28      1.00      0.43     70432
           9       0.00      0.00      0.00      5118
          10       0.00      0.00      0.00     14120
          11       0.00      0.00      0.00      5178
          12       0.00      0.00      0.00      5171
          13       0.00      0.00      0.00     13837
          14       0.00      0.00      0.00     39765

    accuracy                           0.28    255900
   macro avg       0.21      0.07      0.04    255900
weighted avg       0.33      0.28      0.13    255900

Accuracy:  0.2830441578741696 



For validation set

Classification Report:                precision    recall  f1-score   support

           0       1.00      0.00      0.00      2865
           1       0.00      0.00      0.00      1529
           2       0.98      0.05      0.10      9071
           3       0.00      0.00      0.00      1158
           4       0.84      0.01      0.01     11491
           5       0.00      0.00      0.00      1805
           6       0.00      0.00      0.00      1153
           7       0.00      0.00      0.00      4868
           8       0.28      1.00      0.43     23434
           9       0.00      0.00      0.00      1755
          10       0.00      0.00      0.00      4731
          11       0.00      0.00      0.00      1779
          12       0.00      0.00      0.00      1798
          13       0.00      0.00      0.00      4644
          14       0.00      0.00      0.00     13219

    accuracy                           0.28     85300
   macro avg       0.21      0.07      0.04     85300
weighted avg       0.33      0.28      0.13     85300

Accuracy:  0.2813012895662368 




For test set

Classification Report:                precision    recall  f1-score   support

           0       1.00      0.00      0.00      2860
           1       0.00      0.00      0.00      1572
           2       0.98      0.04      0.08      9119
           3       0.00      0.00      0.00      1195
           4       0.85      0.01      0.02     11711
           5       0.00      0.00      0.00      1714
           6       0.00      0.00      0.00      1157
           7       0.00      0.00      0.00      4827
           8       0.28      1.00      0.43     23465
           9       0.00      0.00      0.00      1775
          10       0.00      0.00      0.00      4784
          11       0.00      0.00      0.00      1686
          12       0.00      0.00      0.00      1743
          13       0.00      0.00      0.00      4515
          14       0.00      0.00      0.00     13177

    accuracy                           0.28     85300
   macro avg       0.21      0.07      0.04     85300
weighted avg       0.33      0.28      0.13     85300

Accuracy:  0.28093786635404455 





##############################################################################################################
##############################################################################################################

With sampling type: 0



For training set

Classification Report:                precision    recall  f1-score   support

           0       0.69      0.89      0.77     70432
           1       0.81      0.85      0.83     70432
           2       0.79      0.77      0.78     70432
           3       0.77      0.93      0.84     70432
           4       0.65      0.41      0.51     70432
           5       0.67      0.86      0.75     70432
           6       0.80      0.76      0.78     70432
           7       0.81      0.28      0.42     70432
           8       0.65      0.23      0.34     70432
           9       0.72      0.85      0.78     70432
          10       0.46      0.80      0.58     70432
          11       0.80      0.83      0.81     70432
          12       0.89      0.73      0.80     70432
          13       0.63      0.63      0.63     70432
          14       0.53      0.61      0.57     70432

    accuracy                           0.70   1056480
   macro avg       0.71      0.70      0.68   1056480
weighted avg       0.71      0.70      0.68   1056480

Accuracy:  0.6956440254429804 



For validation set

Classification Report:                precision    recall  f1-score   support

           0       0.43      0.88      0.58      2865
           1       0.39      0.82      0.53      1529
           2       0.81      0.76      0.79      9071
           3       0.35      0.90      0.50      1158
           4       0.76      0.39      0.51     11491
           5       0.36      0.82      0.50      1805
           6       0.31      0.70      0.43      1153
           7       0.61      0.22      0.33      4868
           8       0.82      0.21      0.34     23434
           9       0.30      0.81      0.44      1755
          10       0.29      0.78      0.42      4731
          11       0.40      0.80      0.53      1779
          12       0.64      0.68      0.66      1798
          13       0.45      0.61      0.51      4644
          14       0.52      0.59      0.55     13219

    accuracy                           0.50     85300
   macro avg       0.50      0.66      0.51     85300
weighted avg       0.63      0.50      0.49     85300

Accuracy:  0.5023681125439625 



For test set

Classification Report:                precision    recall  f1-score   support

           0       0.43      0.87      0.57      2860
           1       0.40      0.83      0.54      1572
           2       0.81      0.76      0.79      9119
           3       0.36      0.90      0.51      1195
           4       0.76      0.38      0.51     11711
           5       0.34      0.82      0.48      1714
           6       0.31      0.68      0.43      1157
           7       0.58      0.22      0.31      4827
           8       0.81      0.22      0.34     23465
           9       0.30      0.82      0.44      1775
          10       0.29      0.77      0.42      4784
          11       0.38      0.79      0.51      1686
          12       0.63      0.69      0.66      1743
          13       0.43      0.59      0.50      4515
          14       0.52      0.58      0.55     13177

    accuracy                           0.50     85300
   macro avg       0.49      0.66      0.50     85300
weighted avg       0.63      0.50      0.49     85300

Accuracy:  0.5002930832356389 




##############################################################################################################
##############################################################################################################

With sampling type: 2



For training set

Classification Report:                precision    recall  f1-score   support

           0       0.82      0.91      0.86     70432
           1       0.86      0.91      0.89     70432
           2       0.86      0.79      0.82     70432
           3       0.85      0.95      0.89     70432
           4       0.73      0.40      0.52     70432
           5       0.86      0.88      0.87     70432
           6       0.83      0.86      0.85     70432
           7       0.86      0.34      0.49     70432
           8       0.59      0.32      0.42     70432
           9       0.78      0.90      0.83     70432
          10       0.56      0.85      0.68     70432
          11       0.83      0.92      0.87     70432
          12       0.92      0.83      0.87     70432
          13       0.71      0.71      0.71     70432
          14       0.41      0.63      0.49     70432

    accuracy                           0.75   1056480
   macro avg       0.76      0.75      0.74   1056480
weighted avg       0.76      0.75      0.74   1056480

Accuracy:  0.747015561108587 



For validation set

Classification Report:                precision    recall  f1-score   support

           0       0.56      0.82      0.66      2865
           1       0.46      0.77      0.57      1529
           2       0.85      0.72      0.78      9071
           3       0.42      0.84      0.56      1158
           4       0.78      0.38      0.51     11491
           5       0.55      0.77      0.64      1805
           6       0.34      0.65      0.45      1153
           7       0.53      0.16      0.24      4868
           8       0.70      0.31      0.43     23434
           9       0.35      0.70      0.47      1755
          10       0.30      0.76      0.43      4731
          11       0.42      0.72      0.53      1779
          12       0.69      0.65      0.67      1798
          13       0.45      0.56      0.49      4644
          14       0.39      0.60      0.47     13219

    accuracy                           0.51     85300
   macro avg       0.52      0.63      0.53     85300
weighted avg       0.60      0.51      0.50     85300

Accuracy:  0.5080304806565065 



For test set

Classification Report:                precision    recall  f1-score   support

           0       0.54      0.81      0.65      2860
           1       0.46      0.77      0.58      1572
           2       0.86      0.72      0.78      9119
           3       0.42      0.81      0.56      1195
           4       0.78      0.38      0.51     11711
           5       0.53      0.78      0.63      1714
           6       0.34      0.64      0.44      1157
           7       0.54      0.16      0.24      4827
           8       0.70      0.32      0.44     23465
           9       0.35      0.72      0.47      1775
          10       0.30      0.74      0.43      4784
          11       0.41      0.73      0.53      1686
          12       0.68      0.66      0.67      1743
          13       0.44      0.56      0.49      4515
          14       0.39      0.60      0.47     13177

    accuracy                           0.51     85300
   macro avg       0.52      0.63      0.53     85300
weighted avg       0.60      0.51      0.50     85300

Accuracy:  0.5080304806565065 




##############################################################################################################
