##############################################################################################################

With sampling type: 1



For training set

Classification Report:                precision    recall  f1-score   support

           0       0.94      0.97      0.95      3480
           1       0.95      0.96      0.95      3480
           2       0.94      0.94      0.94      3480
           3       0.94      0.98      0.96      3480
           4       0.83      0.81      0.82      3480
           5       0.98      0.95      0.96      3480
           6       0.92      0.84      0.88      3480
           7       0.82      0.82      0.82      3480
           8       0.78      0.72      0.75      3480
           9       0.94      0.95      0.94      3480
          10       0.82      0.89      0.85      3480
          11       0.95      0.94      0.94      3480
          12       0.95      0.92      0.93      3480
          13       0.87      0.88      0.87      3480
          14       0.78      0.85      0.82      3480

    accuracy                           0.89     52200
   macro avg       0.89      0.89      0.89     52200
weighted avg       0.89      0.89      0.89     52200

Accuracy:  0.8939846743295019 



For validation set

Classification Report:                precision    recall  f1-score   support

           0       0.66      0.85      0.74      2885
           1       0.58      0.81      0.68      1528
           2       0.84      0.79      0.81      9198
           3       0.61      0.84      0.71      1211
           4       0.73      0.58      0.64     11571
           5       0.63      0.77      0.69      1784
           6       0.29      0.66      0.40      1126
           7       0.37      0.54      0.44      4823
           8       0.71      0.43      0.53     23466
           9       0.50      0.82      0.62      1688
          10       0.44      0.70      0.54      4708
          11       0.58      0.74      0.65      1713
          12       0.57      0.69      0.63      1730
          13       0.51      0.65      0.57      4595
          14       0.59      0.62      0.60     13274

    accuracy                           0.61     85300
   macro avg       0.57      0.70      0.62     85300
weighted avg       0.64      0.61      0.61     85300

Accuracy:  0.6053106682297773 



For test set

Classification Report:                precision    recall  f1-score   support

           0       0.65      0.84      0.73      2944
           1       0.59      0.79      0.68      1511
           2       0.84      0.79      0.81      9128
           3       0.60      0.86      0.71      1199
           4       0.72      0.57      0.64     11516
           5       0.63      0.77      0.69      1775
           6       0.32      0.67      0.43      1174
           7       0.38      0.53      0.45      4923
           8       0.71      0.43      0.53     23438
           9       0.50      0.79      0.61      1762
          10       0.44      0.69      0.54      4687
          11       0.60      0.76      0.67      1771
          12       0.60      0.70      0.64      1721
          13       0.51      0.64      0.56      4615
          14       0.58      0.63      0.60     13136

    accuracy                           0.61     85300
   macro avg       0.58      0.70      0.62     85300
weighted avg       0.64      0.61      0.61     85300

Accuracy:  0.6060023446658851 




##############################################################################################################
##############################################################################################################

With sampling type: 3



For training set

Classification Report:                precision    recall  f1-score   support

           0       0.91      0.93      0.92      3480
           1       0.93      0.92      0.93      3480
           2       0.91      0.92      0.91      3480
           3       0.91      0.96      0.93      3480
           4       0.79      0.77      0.78      3480
           5       0.96      0.94      0.95      3480
           6       0.83      0.82      0.83      3480
           7       0.74      0.72      0.73      3480
           8       0.67      0.60      0.64      3480
           9       0.93      0.93      0.93      3480
          10       0.77      0.85      0.81      3480
          11       0.94      0.90      0.92      3480
          12       0.91      0.88      0.89      3480
          13       0.85      0.83      0.84      3480
          14       0.70      0.79      0.74      3480

    accuracy                           0.85     52200
   macro avg       0.85      0.85      0.85     52200
weighted avg       0.85      0.85      0.85     52200

Accuracy:  0.8509386973180076 



For validation set

Classification Report:                precision    recall  f1-score   support

           0       0.63      0.84      0.72      2885
           1       0.48      0.83      0.61      1528
           2       0.89      0.70      0.78      9198
           3       0.56      0.86      0.68      1211
           4       0.75      0.41      0.53     11571
           5       0.34      0.84      0.49      1784
           6       0.17      0.64      0.26      1126
           7       0.31      0.52      0.39      4823
           8       0.76      0.24      0.36     23466
           9       0.37      0.85      0.51      1688
          10       0.45      0.60      0.51      4708
          11       0.42      0.78      0.55      1713
          12       0.47      0.70      0.56      1730
          13       0.37      0.73      0.49      4595
          14       0.56      0.60      0.58     13274

    accuracy                           0.52     85300
   macro avg       0.50      0.68      0.54     85300
weighted avg       0.63      0.52      0.51     85300

Accuracy:  0.5192145369284877 



For test set

Classification Report:                precision    recall  f1-score   support

           0       0.64      0.82      0.72      2944
           1       0.48      0.81      0.60      1511
           2       0.89      0.71      0.79      9128
           3       0.55      0.88      0.68      1199
           4       0.73      0.41      0.53     11516
           5       0.33      0.84      0.47      1775
           6       0.18      0.63      0.27      1174
           7       0.31      0.51      0.39      4923
           8       0.75      0.23      0.36     23438
           9       0.38      0.85      0.52      1762
          10       0.44      0.58      0.50      4687
          11       0.44      0.79      0.56      1771
          12       0.48      0.72      0.58      1721
          13       0.37      0.71      0.48      4615
          14       0.55      0.60      0.57     13136

    accuracy                           0.52     85300
   macro avg       0.50      0.67      0.54     85300
weighted avg       0.62      0.52      0.51     85300

Accuracy:  0.5176436107854631 




##############################################################################################################
##############################################################################################################

With sampling type: 6



For training set

Classification Report:                precision    recall  f1-score   support

           0       0.90      0.90      0.90      8645
           1       0.88      0.86      0.87      4522
           2       0.91      0.91      0.91     26995
           3       0.84      0.91      0.87      3465
           4       0.79      0.80      0.80     33883
           5       0.94      0.83      0.88      5208
           6       0.81      0.63      0.71      3480
           7       0.78      0.60      0.68     14339
           8       0.68      0.80      0.74     69239
           9       0.88      0.77      0.82      5074
          10       0.73      0.64      0.68     13942
          11       0.87      0.77      0.82      5084
          12       0.91      0.75      0.82      5171
          13       0.76      0.69      0.72     13517
          14       0.73      0.67      0.70     39004

    accuracy                           0.77    251568
   macro avg       0.83      0.77      0.79    251568
weighted avg       0.77      0.77      0.77    251568

Accuracy:  0.7686549958659289 



For validation set

Classification Report:                precision    recall  f1-score   support

           0       0.83      0.83      0.83      2885
           1       0.78      0.74      0.76      1528
           2       0.86      0.86      0.86      9198
           3       0.77      0.80      0.79      1211
           4       0.71      0.72      0.71     11571
           5       0.88      0.72      0.79      1784
           6       0.68      0.52      0.59      1126
           7       0.63      0.49      0.55      4823
           8       0.60      0.74      0.66     23466
           9       0.76      0.62      0.68      1688
          10       0.62      0.54      0.58      4708
          11       0.79      0.65      0.72      1713
          12       0.85      0.64      0.73      1730
          13       0.63      0.56      0.60      4595
          14       0.66      0.58      0.61     13274

    accuracy                           0.68     85300
   macro avg       0.74      0.67      0.70     85300
weighted avg       0.69      0.68      0.68     85300

Accuracy:  0.6817116060961314 



For test set

Classification Report:                precision    recall  f1-score   support

           0       0.83      0.82      0.82      2944
           1       0.77      0.72      0.75      1511
           2       0.86      0.86      0.86      9128
           3       0.76      0.81      0.78      1199
           4       0.70      0.72      0.71     11516
           5       0.89      0.71      0.79      1775
           6       0.68      0.50      0.58      1174
           7       0.65      0.47      0.55      4923
           8       0.60      0.73      0.66     23438
           9       0.76      0.62      0.68      1762
          10       0.62      0.53      0.57      4687
          11       0.80      0.66      0.72      1771
          12       0.86      0.65      0.74      1721
          13       0.63      0.56      0.60      4615
          14       0.64      0.58      0.61     13136

    accuracy                           0.68     85300
   macro avg       0.74      0.66      0.69     85300
weighted avg       0.69      0.68      0.68     85300

Accuracy:  0.6794490035169988 



