##############################################################################################################

With sampling type: 1



For training set

Classification Report:                precision    recall  f1-score   support

           0       0.90      0.94      0.92      3451
           1       0.96      0.96      0.96      3451
           2       0.95      0.93      0.94      3451
           3       0.95      0.97      0.96      3451
           4       0.85      0.86      0.86      3451
           5       0.97      0.93      0.95      3451
           6       0.95      0.86      0.90      3451
           7       0.82      0.82      0.82      3451
           8       0.84      0.81      0.82      3451
           9       0.94      0.95      0.94      3451
          10       0.83      0.91      0.86      3451
          11       0.97      0.94      0.96      3451
          12       0.96      0.91      0.93      3451
          13       0.88      0.88      0.88      3451
          14       0.83      0.89      0.86      3451

    accuracy                           0.90     51765
   macro avg       0.91      0.90      0.90     51765
weighted avg       0.91      0.90      0.90     51765

Accuracy:  0.9039312276634792 



For validation set

Classification Report:                precision    recall  f1-score   support

           0       0.61      0.83      0.70      2911
           1       0.54      0.78      0.64      1571
           2       0.86      0.77      0.81      9039
           3       0.51      0.86      0.64      1163
           4       0.72      0.58      0.65     11603
           5       0.67      0.79      0.72      1771
           6       0.34      0.70      0.46      1169
           7       0.36      0.50      0.42      4856
           8       0.71      0.40      0.52     23503
           9       0.45      0.75      0.56      1711
          10       0.41      0.67      0.51      4711
          11       0.51      0.77      0.62      1753
          12       0.60      0.69      0.64      1706
          13       0.48      0.62      0.54      4604
          14       0.55      0.58      0.56     13229

    accuracy                           0.59     85300
   macro avg       0.55      0.69      0.60     85300
weighted avg       0.63      0.59      0.59     85300

Accuracy:  0.5861547479484174 



For test set

Classification Report:                precision    recall  f1-score   support

           0       0.61      0.81      0.70      2907
           1       0.52      0.77      0.62      1425
           2       0.85      0.78      0.81      9087
           3       0.52      0.85      0.64      1238
           4       0.72      0.58      0.64     11405
           5       0.66      0.79      0.72      1810
           6       0.34      0.70      0.46      1160
           7       0.36      0.49      0.42      4934
           8       0.71      0.41      0.52     23623
           9       0.45      0.74      0.56      1733
          10       0.42      0.68      0.52      4815
          11       0.52      0.79      0.63      1679
          12       0.61      0.69      0.65      1769
          13       0.46      0.61      0.53      4464
          14       0.55      0.57      0.56     13251

    accuracy                           0.59     85300
   macro avg       0.55      0.68      0.60     85300
weighted avg       0.62      0.59      0.59     85300

Accuracy:  0.5857209847596717 




##############################################################################################################
##############################################################################################################

With sampling type: 3



For training set

Classification Report:                precision    recall  f1-score   support

           0       0.93      0.92      0.93      3451
           1       0.96      0.95      0.95      3451
           2       0.95      0.94      0.95      3451
           3       0.95      0.96      0.95      3451
           4       0.85      0.86      0.86      3451
           5       0.98      0.92      0.95      3451
           6       0.90      0.85      0.88      3451
           7       0.77      0.78      0.78      3451
           8       0.79      0.75      0.77      3451
           9       0.95      0.93      0.94      3451
          10       0.80      0.90      0.85      3451
          11       0.96      0.93      0.95      3451
          12       0.94      0.88      0.91      3451
          13       0.88      0.87      0.87      3451
          14       0.75      0.87      0.81      3451

    accuracy                           0.89     51765
   macro avg       0.89      0.89      0.89     51765
weighted avg       0.89      0.89      0.89     51765

Accuracy:  0.887568820631701 



For validation set

Classification Report:                precision    recall  f1-score   support

           0       0.62      0.79      0.70      2911
           1       0.47      0.82      0.60      1571
           2       0.91      0.69      0.78      9039
           3       0.42      0.87      0.57      1163
           4       0.74      0.47      0.57     11603
           5       0.49      0.83      0.61      1771
           6       0.27      0.66      0.38      1169
           7       0.27      0.52      0.35      4856
           8       0.76      0.26      0.38     23503
           9       0.33      0.81      0.47      1711
          10       0.42      0.58      0.49      4711
          11       0.42      0.80      0.55      1753
          12       0.54      0.70      0.61      1706
          13       0.36      0.69      0.48      4604
          14       0.52      0.55      0.53     13229

    accuracy                           0.52     85300
   macro avg       0.50      0.67      0.54     85300
weighted avg       0.62      0.52      0.52     85300

Accuracy:  0.5181242672919109 



For test set

Classification Report:                precision    recall  f1-score   support

           0       0.62      0.78      0.69      2907
           1       0.44      0.80      0.57      1425
           2       0.92      0.69      0.79      9087
           3       0.43      0.86      0.57      1238
           4       0.73      0.47      0.57     11405
           5       0.47      0.82      0.60      1810
           6       0.26      0.67      0.37      1160
           7       0.27      0.52      0.36      4934
           8       0.76      0.26      0.39     23623
           9       0.34      0.81      0.47      1733
          10       0.43      0.59      0.50      4815
          11       0.41      0.80      0.55      1679
          12       0.55      0.70      0.62      1769
          13       0.36      0.69      0.47      4464
          14       0.52      0.54      0.53     13251

    accuracy                           0.52     85300
   macro avg       0.50      0.67      0.54     85300
weighted avg       0.62      0.52      0.52     85300

Accuracy:  0.5190855803048066 




##############################################################################################################
##############################################################################################################

With sampling type: 6



For training set

Classification Report:                precision    recall  f1-score   support

           0       0.89      0.82      0.85      8648
           1       0.91      0.84      0.88      4573
           2       0.92      0.85      0.89     27226
           3       0.89      0.90      0.90      3471
           4       0.79      0.77      0.78     33928
           5       0.94      0.80      0.87      5202
           6       0.87      0.68      0.76      3451
           7       0.81      0.51      0.63     14315
           8       0.62      0.80      0.70     69020
           9       0.90      0.72      0.80      5073
          10       0.69      0.63      0.66     13825
          11       0.89      0.79      0.84      5143
          12       0.92      0.75      0.83      5145
          13       0.76      0.62      0.68     13632
          14       0.72      0.65      0.68     38934

    accuracy                           0.74    251586
   macro avg       0.84      0.74      0.78    251586
weighted avg       0.76      0.74      0.74    251586

Accuracy:  0.7432846024818551 



For validation set

Classification Report:                precision    recall  f1-score   support

           0       0.83      0.76      0.79      2911
           1       0.79      0.69      0.73      1571
           2       0.88      0.80      0.84      9039
           3       0.76      0.75      0.75      1163
           4       0.72      0.70      0.71     11603
           5       0.89      0.73      0.80      1771
           6       0.70      0.52      0.59      1169
           7       0.67      0.40      0.50      4856
           8       0.55      0.73      0.63     23503
           9       0.75      0.55      0.64      1711
          10       0.59      0.52      0.55      4711
          11       0.75      0.68      0.71      1753
          12       0.81      0.63      0.71      1706
          13       0.64      0.52      0.57      4604
          14       0.62      0.57      0.59     13229

    accuracy                           0.66     85300
   macro avg       0.73      0.64      0.68     85300
weighted avg       0.67      0.66      0.66     85300

Accuracy:  0.6571746776084408 



For test set

Classification Report:                precision    recall  f1-score   support

           0       0.84      0.74      0.78      2907
           1       0.78      0.71      0.74      1425
           2       0.88      0.81      0.84      9087
           3       0.77      0.74      0.76      1238
           4       0.71      0.70      0.70     11405
           5       0.89      0.73      0.80      1810
           6       0.69      0.53      0.60      1160
           7       0.66      0.38      0.49      4934
           8       0.54      0.73      0.62     23623
           9       0.76      0.51      0.61      1733
          10       0.59      0.51      0.55      4815
          11       0.76      0.66      0.71      1679
          12       0.82      0.63      0.71      1769
          13       0.63      0.50      0.56      4464
          14       0.62      0.56      0.59     13251

    accuracy                           0.65     85300
   macro avg       0.73      0.63      0.67     85300
weighted avg       0.67      0.65      0.65     85300

Accuracy:  0.653516998827667 




##############################################################################################################
##############################################################################################################

Without any undersampling/oversampling



For training set

Classification Report:                precision    recall  f1-score   support

           0       0.89      0.82      0.85      8759
           1       0.91      0.84      0.88      4645
           2       0.92      0.85      0.88     27505
           3       0.89      0.89      0.89      3510
           4       0.79      0.77      0.78     34663
           5       0.94      0.80      0.86      5288
           6       0.87      0.68      0.76      3451
           7       0.81      0.51      0.63     14504
           8       0.62      0.80      0.70     70205
           9       0.89      0.71      0.79      5204
          10       0.69      0.63      0.66     14109
          11       0.89      0.79      0.84      5211
          12       0.92      0.75      0.83      5237
          13       0.76      0.62      0.68     13928
          14       0.72      0.65      0.68     39681

    accuracy                           0.74    255900
   macro avg       0.83      0.74      0.78    255900
weighted avg       0.76      0.74      0.74    255900

Accuracy:  0.7407854630715123 



For validation set

Classification Report:                precision    recall  f1-score   support

           0       0.84      0.76      0.80      2911
           1       0.78      0.69      0.73      1571
           2       0.88      0.81      0.84      9039
           3       0.77      0.75      0.76      1163
           4       0.71      0.70      0.71     11603
           5       0.89      0.72      0.80      1771
           6       0.70      0.52      0.59      1169
           7       0.67      0.40      0.50      4856
           8       0.55      0.73      0.63     23503
           9       0.76      0.55      0.63      1711
          10       0.59      0.51      0.55      4711
          11       0.77      0.68      0.72      1753
          12       0.81      0.63      0.71      1706
          13       0.64      0.51      0.57      4604
          14       0.62      0.57      0.59     13229

    accuracy                           0.66     85300
   macro avg       0.73      0.63      0.67     85300
weighted avg       0.67      0.66      0.66     85300

Accuracy:  0.6566236811254397 



For test set

Classification Report:                precision    recall  f1-score   support

           0       0.83      0.74      0.78      2907
           1       0.77      0.69      0.73      1425
           2       0.88      0.81      0.84      9087
           3       0.77      0.73      0.75      1238
           4       0.71      0.70      0.70     11405
           5       0.89      0.73      0.80      1810
           6       0.68      0.53      0.59      1160
           7       0.67      0.39      0.49      4934
           8       0.54      0.73      0.62     23623
           9       0.75      0.50      0.60      1733
          10       0.60      0.52      0.56      4815
          11       0.75      0.66      0.70      1679
          12       0.82      0.63      0.71      1769
          13       0.63      0.50      0.56      4464
          14       0.62      0.55      0.58     13251

    accuracy                           0.65     85300
   macro avg       0.73      0.63      0.67     85300
weighted avg       0.67      0.65      0.65     85300

Accuracy:  0.6524970691676436 




##############################################################################################################
##############################################################################################################

With sampling type: 0



For training set

Classification Report:                precision    recall  f1-score   support

           0       0.89      0.92      0.91     70205
           1       0.94      0.97      0.96     70205
           2       0.92      0.87      0.90     70205
           3       0.94      0.99      0.96     70205
           4       0.75      0.71      0.73     70205
           5       0.96      0.94      0.95     70205
           6       0.93      0.93      0.93     70205
           7       0.71      0.70      0.70     70205
           8       0.65      0.52      0.58     70205
           9       0.91      0.95      0.93     70205
          10       0.73      0.84      0.78     70205
          11       0.93      0.94      0.94     70205
          12       0.95      0.90      0.92     70205
          13       0.78      0.79      0.79     70205
          14       0.68      0.72      0.70     70205

    accuracy                           0.85   1053075
   macro avg       0.85      0.85      0.84   1053075
weighted avg       0.85      0.85      0.84   1053075

Accuracy:  0.8467174702656506 



For validation set

Classification Report:                precision    recall  f1-score   support

           0       0.66      0.84      0.74      2911
           1       0.59      0.80      0.68      1571
           2       0.86      0.81      0.83      9039
           3       0.55      0.85      0.67      1163
           4       0.75      0.62      0.68     11603
           5       0.75      0.80      0.78      1771
           6       0.42      0.65      0.51      1169
           7       0.40      0.55      0.47      4856
           8       0.73      0.45      0.56     23503
           9       0.49      0.76      0.60      1711
          10       0.43      0.69      0.53      4711
          11       0.56      0.78      0.66      1753
          12       0.64      0.70      0.67      1706
          13       0.51      0.64      0.57      4604
          14       0.57      0.63      0.60     13229

    accuracy                           0.62     85300
   macro avg       0.60      0.71      0.64     85300
weighted avg       0.65      0.62      0.62     85300

Accuracy:  0.6217584994138335 



For test set

Classification Report:                precision    recall  f1-score   support

           0       0.66      0.83      0.74      2907
           1       0.56      0.79      0.66      1425
           2       0.86      0.81      0.84      9087
           3       0.57      0.85      0.68      1238
           4       0.74      0.62      0.68     11405
           5       0.75      0.80      0.77      1810
           6       0.42      0.67      0.52      1160
           7       0.40      0.54      0.46      4934
           8       0.73      0.46      0.56     23623
           9       0.50      0.75      0.60      1733
          10       0.44      0.70      0.54      4815
          11       0.57      0.80      0.66      1679
          12       0.66      0.70      0.68      1769
          13       0.50      0.64      0.56      4464
          14       0.58      0.62      0.60     13251

    accuracy                           0.62     85300
   macro avg       0.60      0.70      0.64     85300
weighted avg       0.65      0.62      0.62     85300

Accuracy:  0.6212192262602579 




##############################################################################################################
##############################################################################################################

With sampling type: 2


For training set

Classification Report:                precision    recall  f1-score   support

           0       0.95      0.95      0.95     70205
           1       0.97      0.98      0.97     70205
           2       0.92      0.90      0.91     70205
           3       0.97      0.99      0.98     70205
           4       0.80      0.75      0.77     70205
           5       0.98      0.95      0.96     70205
           6       0.95      0.95      0.95     70205
           7       0.83      0.76      0.79     70205
           8       0.61      0.63      0.62     70205
           9       0.95      0.95      0.95     70205
          10       0.80      0.86      0.83     70205
          11       0.96      0.96      0.96     70205
          12       0.97      0.94      0.95     70205
          13       0.84      0.84      0.84     70205
          14       0.67      0.73      0.70     70205

    accuracy                           0.88   1053075
   macro avg       0.88      0.88      0.88   1053075
weighted avg       0.88      0.88      0.88   1053075

Accuracy:  0.8758739880825203 



For validation set

Classification Report:                precision    recall  f1-score   support

           0       0.75      0.80      0.78      2911
           1       0.68      0.73      0.71      1571
           2       0.86      0.81      0.84      9039
           3       0.65      0.82      0.72      1163
           4       0.74      0.64      0.69     11603
           5       0.82      0.78      0.80      1771
           6       0.53      0.61      0.56      1169
           7       0.52      0.48      0.50      4856
           8       0.62      0.58      0.60     23503
           9       0.61      0.66      0.63      1711
          10       0.47      0.63      0.54      4711
          11       0.66      0.72      0.69      1753
          12       0.73      0.67      0.70      1706
          13       0.56      0.58      0.57      4604
          14       0.54      0.60      0.57     13229

    accuracy                           0.64     85300
   macro avg       0.65      0.67      0.66     85300
weighted avg       0.64      0.64      0.64     85300

Accuracy:  0.6371864009378664 



For test set

Classification Report:                precision    recall  f1-score   support

           0       0.76      0.79      0.77      2907
           1       0.68      0.73      0.70      1425
           2       0.86      0.82      0.84      9087
           3       0.67      0.82      0.73      1238
           4       0.73      0.65      0.69     11405
           5       0.82      0.77      0.80      1810
           6       0.53      0.62      0.57      1160
           7       0.51      0.47      0.49      4934
           8       0.62      0.58      0.60     23623
           9       0.62      0.64      0.63      1733
          10       0.48      0.64      0.55      4815
          11       0.67      0.74      0.70      1679
          12       0.75      0.68      0.72      1769
          13       0.55      0.58      0.57      4464
          14       0.54      0.60      0.57     13251

    accuracy                           0.64     85300
   macro avg       0.65      0.68      0.66     85300
weighted avg       0.65      0.64      0.64     85300

Accuracy:  0.6392379835873389 




##############################################################################################################

